Time Custom,,,_Count Custom,,,_Conc Acetate_Count Acetate_Conc Custom,,,_Died bacteria_couldn't_eat
0 4 0,02 77081 2,4 0 0
2 4 0,02 77081 2,4 0 0
4 4 0,02 77070 2,4 0 0
6 4 0,02 77058 2,4 0 0
8 4 0,02 77047 2,4 0 0
10 4 0,02 77036 2,4 0 0
12 4 0,02 77024 2,4 0 0
14 4 0,02 77012 2,4 0 0
16 4 0,02 77000 2,4 0 0
18 4 0,02 76987 2,4 0 0
20 4 0,02 76973 2,4 0 0
22 4 0,02 76961 2,4 0 0
24 4 0,02 76946 2,39 0 0
26 4 0,02 76932 2,39 0 0
28 4 0,03 76918 2,39 0 0
30 4 0,03 76903 2,39 0 0
32 4 0,03 76889 2,39 0 0
34 4 0,03 76875 2,39 0 0
36 4 0,03 76858 2,39 0 0
38 4 0,03 76842 2,39 0 0
40 4 0,03 76826 2,39 0 0
42 4 0,03 76808 2,39 0 0
44 4 0,03 76792 2,39 0 0
46 4 0,03 76775 2,39 0 0
48 4 0,03 76758 2,39 0 0
50 4 0,03 76740 2,39 0 0
52 4 0,03 76721 2,39 0 0
54 4 0,03 76703 2,39 0 0
56 4 0,03 76683 2,39 0 0
58 4 0,03 76663 2,39 0 0
60 4 0,04 76642 2,39 0 0
62 4 0,04 76621 2,38 0 0
64 4 0,04 76600 2,38 0 0
66 4 0,04 76579 2,38 0 0
68 7 0,04 76557 2,38 0 0
70 8 0,04 76537 2,38 0 0
72 8 0,04 76514 2,38 0 0
74 8 0,04 76490 2,38 0 0
76 8 0,04 76467 2,38 0 0
78 8 0,04 76443 2,38 0 0
80 8 0,04 76419 2,38 0 0
82 8 0,04 76395 2,38 0 0
84 8 0,05 76371 2,38 0 0
86 8 0,05 76346 2,38 0 0
88 8 0,05 76322 2,38 0 0
90 8 0,05 76296 2,37 0 0
92 8 0,05 76269 2,37 0 0
94 8 0,05 76243 2,37 0 0
96 8 0,05 76216 2,37 0 0
98 8 0,05 76185 2,37 0 0
100 8 0,05 76155 2,37 0 0
102 8 0,05 76126 2,37 0 0
104 8 0,06 76095 2,37 0 0
106 8 0,06 76063 2,37 0 0
108 8 0,06 76029 2,37 0 0
110 8 0,06 75995 2,37 0 0
112 8 0,06 75961 2,36 0 0
114 8 0,06 75927 2,36 0 0
116 8 0,06 75891 2,36 0 0
118 8 0,06 75853 2,36 0 0
120 8 0,07 75813 2,36 0 0
122 8 0,07 75774 2,36 0 0
124 8 0,07 75734 2,36 0 0
126 8 0,07 75693 2,36 0 0
128 8 0,07 75652 2,35 0 0
130 8 0,07 75608 2,35 0 0
132 8 0,08 75563 2,35 0 0
134 10 0,08 75517 2,35 0 0
136 15 0,08 75474 2,35 0 0
138 16 0,08 75428 2,35 0 0
140 16 0,08 75384 2,35 0 0
142 16 0,08 75336 2,34 0 0
144 16 0,09 75288 2,34 0 0
146 16 0,09 75240 2,34 0 0
148 16 0,09 75191 2,34 0 0
150 16 0,09 75141 2,34 0 0
152 16 0,09 75092 2,34 0 0
154 16 0,09 75042 2,34 0 0
156 16 0,1 74993 2,33 0 0
158 16 0,1 74940 2,33 0 0
160 16 0,1 74883 2,33 0 0
162 16 0,1 74826 2,33 0 0
164 16 0,1 74767 2,33 0 0
166 16 0,11 74708 2,33 0 0
168 16 0,11 74646 2,32 0 0
170 16 0,11 74582 2,32 0 0
172 16 0,11 74519 2,32 0 0
174 16 0,12 74455 2,32 0 0
176 16 0,12 74388 2,32 0 0
178 16 0,12 74318 2,31 0 0
180 16 0,12 74249 2,31 0 0
182 16 0,13 74179 2,31 0 0
184 16 0,13 74107 2,31 0 0
186 16 0,13 74035 2,3 0 0
188 16 0,14 73960 2,3 0 0
190 16 0,14 73880 2,3 0 0
192 16 0,14 73801 2,3 0 0
194 16 0,14 73719 2,29 0 0
196 16 0,15 73635 2,29 0 0
198 16 0,15 73547 2,29 0 0
200 21 0,15 73456 2,29 0 0
202 30 0,16 73367 2,28 0 0
204 32 0,16 73280 2,28 0 0
206 32 0,16 73191 2,28 0 0
208 32 0,17 73100 2,28 0 0
210 32 0,17 73009 2,27 0 0
212 32 0,17 72914 2,27 0 0
214 32 0,18 72816 2,27 0 0
216 32 0,18 72717 2,26 0 0
218 32 0,19 72613 2,26 0 0
220 32 0,19 72510 2,26 0 0
222 32 0,19 72407 2,25 0 0
224 32 0,2 72296 2,25 0 0
226 32 0,2 72185 2,25 0 0
228 32 0,2 72073 2,24 0 0
230 32 0,21 71953 2,24 0 0
232 32 0,21 71829 2,24 0 0
234 32 0,22 71709 2,23 0 0
236 32 0,22 71582 2,23 0 0
238 32 0,23 71454 2,22 0 0
240 32 0,23 71323 2,22 0 0
242 32 0,24 71195 2,22 0 0
244 32 0,24 71060 2,21 0 0
246 32 0,25 70918 2,21 0 0
248 32 0,25 70775 2,2 0 0
250 32 0,26 70625 2,2 0 0
252 32 0,26 70474 2,19 0 0
254 32 0,27 70321 2,19 0 0
256 32 0,28 70165 2,18 0 0
258 32 0,28 70006 2,18 0 0
260 32 0,29 69841 2,17 0 0
262 32 0,29 69673 2,17 0 0
264 32 0,3 69497 2,16 0 0
266 40 0,31 69323 2,16 0 0
268 60 0,31 69146 2,15 0 0
270 64 0,32 68969 2,15 0 0
272 64 0,33 68786 2,14 0 0
274 64 0,33 68604 2,14 0 0
276 64 0,34 68419 2,13 0 0
278 64 0,35 68226 2,12 0 0
280 64 0,36 68031 2,12 0 0
282 64 0,36 67832 2,11 0 0
284 64 0,37 67636 2,1 0 0
286 64 0,38 67437 2,1 0 0
288 64 0,39 67233 2,09 0 0
290 64 0,39 67021 2,09 0 0
292 64 0,4 66800 2,08 0 0
294 64 0,41 66575 2,07 0 0
296 64 0,42 66337 2,06 0 0
298 64 0,43 66104 2,06 0 0
300 64 0,44 65854 2,05 0 0
302 64 0,45 65601 2,04 0 0
304 64 0,45 65346 2,03 0 0
306 64 0,46 65084 2,03 0 0
308 64 0,47 64817 2,02 0 0
310 64 0,48 64544 2,01 0 0
312 64 0,49 64264 2,0 0 0
314 64 0,51 63982 1,99 0 0
316 64 0,52 63690 1,98 0 0
318 64 0,53 63390 1,97 0 0
320 64 0,54 63084 1,96 0 0
322 64 0,55 62765 1,95 0 0
324 64 0,56 62444 1,94 0 0
326 64 0,57 62107 1,93 0 0
328 64 0,59 61770 1,92 0 0
330 67 0,6 61424 1,91 0 0
332 80 0,61 61072 1,9 0 0
334 111 0,63 60715 1,89 0 0
336 127 0,64 60360 1,88 0 0
338 128 0,65 60011 1,87 0 0
340 128 0,67 59641 1,86 0 0
342 128 0,68 59272 1,84 0 0
344 128 0,69 58891 1,83 0 0
346 128 0,71 58506 1,82 0 0
348 128 0,72 58115 1,81 0 0
350 128 0,74 57722 1,8 0 0
352 128 0,75 57318 1,78 0 0
354 128 0,77 56907 1,77 0 0
356 128 0,78 56481 1,76 0 0
358 128 0,8 56046 1,74 0 0
360 128 0,82 55597 1,73 0 0
362 128 0,83 55137 1,72 0 0
364 128 0,85 54661 1,7 0 0
366 128 0,87 54170 1,69 0 0
368 128 0,89 53670 1,67 0 0
370 128 0,91 53163 1,65 0 0
372 128 0,93 52646 1,64 0 0
374 128 0,95 52115 1,62 0 0
376 128 0,97 51573 1,61 0 0
378 128 0,99 51010 1,59 0 0
380 128 1,01 50452 1,57 0 0
382 128 1,03 49875 1,55 0 0
384 128 1,05 49274 1,53 0 0
386 128 1,07 48652 1,51 0 0
388 128 1,1 48020 1,5 0 0
390 128 1,12 47380 1,48 0 0
392 128 1,15 46719 1,45 0 0
394 128 1,17 46047 1,43 0 0
396 134 1,2 45357 1,41 0 0
398 157 1,22 44660 1,39 0 0
400 208 1,25 43950 1,37 0 0
402 249 1,27 43235 1,35 0 0
404 256 1,3 42528 1,32 0 0
406 256 1,33 41797 1,3 0 0
408 256 1,36 41044 1,28 0 0
410 256 1,38 40289 1,25 0 0
412 256 1,41 39525 1,23 0 0
414 256 1,44 38739 1,21 0 0
416 256 1,47 37952 1,18 0 0
418 256 1,5 37146 1,16 0 0
420 256 1,53 36316 1,13 0 0
422 256 1,56 35485 1,1 0 0
424 256 1,59 34617 1,08 0 0
426 256 1,63 33733 1,05 0 0
428 256 1,66 32808 1,02 0 0
430 256 1,7 31869 0,99 0 0
432 256 1,73 30891 0,96 0 0
434 256 1,77 29901 0,93 0 0
436 256 1,81 28883 0,9 0 0
438 256 1,85 27853 0,87 0 0
440 256 1,89 26805 0,83 0 0
442 256 1,93 25721 0,8 0 0
444 256 1,97 24641 0,77 0 2
446 256 2,01 23524 0,73 0 0
448 256 2,05 22361 0,7 0 0
450 256 2,09 21171 0,66 0 3
452 256 2,14 19990 0,62 0 3
454 256 2,18 18804 0,59 0 6
456 256 2,22 17660 0,55 0 15
458 256 2,27 16534 0,51 0 18
460 256 2,31 15435 0,48 0 22
462 258 2,34 14426 0,45 0 35
464 274 2,38 13529 0,42 0 63
466 314 2,41 12586 0,39 0 56
468 362 2,45 11660 0,36 0 66
470 392 2,48 10738 0,33 0 70
472 412 2,52 9821 0,31 0 91
474 430 2,55 8901 0,28 0 105
476 443 2,58 7980 0,25 0 121
478 454 2,62 7095 0,22 0 145
480 459 2,65 6140 0,19 0 129
482 473 2,69 5192 0,16 0 141
484 481 2,72 4309 0,13 0 171
486 489 2,75 3414 0,11 0 172
488 493 2,78 2572 0,08 0 202
490 498 2,81 1741 0,05 0 211
492 501 2,84 959 0,03 0 228
494 503 2,87 322 0,01 0 277
496 503 2,88 7 0,0 0 368
498 503 2,88 0 0,0 0 498
500 503 2,88 0 0,0 0 503
502 503 2,88 0 0,0 0 503
504 503 2,88 0 0,0 0 503
506 503 2,88 0 0,0 0 503
508 503 2,88 0 0,0 0 503
510 503 2,88 0 0,0 0 503
512 503 2,88 0 0,0 0 503
514 503 2,88 0 0,0 0 503
516 503 2,88 0 0,0 0 503
518 503 2,88 0 0,0 0 503
520 503 2,88 0 0,0 0 503
522 503 2,88 0 0,0 0 503
524 503 2,88 0 0,0 0 503
526 503 2,88 0 0,0 0 503
528 503 2,88 0 0,0 0 503
530 503 2,88 0 0,0 0 503
532 503 2,88 0 0,0 0 503
534 503 2,88 0 0,0 0 503
536 503 2,88 0 0,0 0 503
538 503 2,88 0 0,0 0 503
540 503 2,88 0 0,0 0 503
542 503 2,88 0 0,0 0 503
544 503 2,88 0 0,0 0 503
546 503 2,88 0 0,0 0 503
548 503 2,88 0 0,0 0 503
550 503 2,88 0 0,0 0 503
552 503 2,88 0 0,0 0 503
554 503 2,88 0 0,0 0 503
556 503 2,88 0 0,0 0 503
558 503 2,88 0 0,0 0 503
560 503 2,88 0 0,0 0 503
562 503 2,88 0 0,0 0 503
564 503 2,88 0 0,0 0 503
566 503 2,88 0 0,0 0 503
568 503 2,88 0 0,0 0 503
570 503 2,88 0 0,0 0 503
572 503 2,88 0 0,0 0 503
574 503 2,88 0 0,0 0 503
576 503 2,88 0 0,0 0 503
578 503 2,88 0 0,0 0 503
580 503 2,88 0 0,0 0 503
582 503 2,88 0 0,0 0 503
584 503 2,88 0 0,0 0 503
586 503 2,88 0 0,0 0 503
588 503 2,88 0 0,0 0 503
590 503 2,88 0 0,0 0 503
592 503 2,88 0 0,0 0 503
594 503 2,88 0 0,0 0 503
596 503 2,88 0 0,0 0 503
598 503 2,88 0 0,0 0 503
600 503 2,88 0 0,0 0 503
602 503 2,88 0 0,0 0 503
604 503 2,88 0 0,0 0 503
606 503 2,88 0 0,0 0 503
608 503 2,88 0 0,0 0 503
610 503 2,88 0 0,0 0 503
612 503 2,88 0 0,0 0 503
614 503 2,88 0 0,0 0 503
616 503 2,88 0 0,0 0 503
618 503 2,88 0 0,0 0 503
620 503 2,88 0 0,0 0 503
622 503 2,88 0 0,0 0 503
624 503 2,88 0 0,0 0 503
626 503 2,88 0 0,0 0 503
628 503 2,88 0 0,0 0 503
630 503 2,88 0 0,0 0 503
632 503 2,88 0 0,0 0 503
634 503 2,88 0 0,0 0 503
636 503 2,88 0 0,0 0 503
638 503 2,88 0 0,0 0 503
640 503 2,88 0 0,0 0 503
642 503 2,88 0 0,0 0 503
644 503 2,88 0 0,0 0 503
646 503 2,88 0 0,0 0 503
648 503 2,88 0 0,0 0 503
650 503 2,88 0 0,0 0 503
652 503 2,88 0 0,0 0 503
654 503 2,88 0 0,0 0 503
656 503 2,88 0 0,0 0 503
658 503 2,88 0 0,0 0 503
660 503 2,88 0 0,0 0 503
662 503 2,88 0 0,0 0 503
664 503 2,88 0 0,0 0 503
666 503 2,88 0 0,0 0 503
668 503 2,88 0 0,0 0 503
670 503 2,88 0 0,0 0 503
672 503 2,88 0 0,0 0 503
674 503 2,88 0 0,0 0 503
676 503 2,88 0 0,0 0 503
678 503 2,88 0 0,0 0 503
680 503 2,88 0 0,0 0 503
682 503 2,88 0 0,0 0 503
684 503 2,88 0 0,0 0 503
686 503 2,88 0 0,0 0 503
688 503 2,88 0 0,0 0 503
690 503 2,88 0 0,0 0 503
692 503 2,88 0 0,0 0 503
694 503 2,88 0 0,0 0 503
696 503 2,88 0 0,0 0 503
698 503 2,88 0 0,0 0 503
700 503 2,88 0 0,0 0 503
702 503 2,88 0 0,0 0 503
704 503 2,88 0 0,0 0 503
706 503 2,88 0 0,0 0 503
708 503 2,88 0 0,0 0 503
710 503 2,88 0 0,0 0 503
712 503 2,88 0 0,0 0 503
714 503 2,88 0 0,0 0 503
716 503 2,88 0 0,0 0 503
718 503 2,88 0 0,0 0 503
720 503 2,88 0 0,0 0 503
722 503 2,88 0 0,0 0 503
724 503 2,88 0 0,0 0 503
726 503 2,88 0 0,0 0 503
728 503 2,88 0 0,0 0 503
730 503 2,88 0 0,0 0 503
732 503 2,88 0 0,0 0 503
734 503 2,88 0 0,0 0 503
736 503 2,88 0 0,0 0 503
738 503 2,88 0 0,0 0 503
740 503 2,88 0 0,0 0 503
742 503 2,88 0 0,0 0 503
744 503 2,88 0 0,0 0 503
746 503 2,88 0 0,0 0 503
748 503 2,88 0 0,0 0 503
750 503 2,88 0 0,0 0 503
752 503 2,88 0 0,0 0 503
754 503 2,88 0 0,0 0 503
756 503 2,88 0 0,0 0 503
758 503 2,88 0 0,0 0 503
760 503 2,88 0 0,0 0 503
762 503 2,88 0 0,0 0 503
764 503 2,88 0 0,0 0 503
766 503 2,88 0 0,0 0 503
768 503 2,88 0 0,0 0 503
770 503 2,88 0 0,0 0 503
772 503 2,88 0 0,0 0 503
774 503 2,88 0 0,0 0 503
776 503 2,88 0 0,0 0 503
778 503 2,88 0 0,0 0 503
780 503 2,88 0 0,0 0 503
782 503 2,88 0 0,0 0 503
784 503 2,88 0 0,0 0 503
786 503 2,88 0 0,0 0 503
788 503 2,88 0 0,0 0 503
790 503 2,88 0 0,0 0 503
792 503 2,88 0 0,0 0 503
794 503 2,88 0 0,0 0 503
796 503 2,88 0 0,0 0 503
798 503 2,88 0 0,0 0 503
800 503 2,88 0 0,0 0 503
802 503 2,88 0 0,0 0 503
804 503 2,88 0 0,0 0 503
806 503 2,88 0 0,0 0 503
808 503 2,88 0 0,0 0 503
810 503 2,88 0 0,0 0 503
812 503 2,88 0 0,0 0 503
814 503 2,88 0 0,0 0 503
816 503 2,88 0 0,0 0 503
818 503 2,88 0 0,0 0 503
820 503 2,88 0 0,0 0 503
822 503 2,88 0 0,0 0 503
824 503 2,88 0 0,0 0 503
826 503 2,88 0 0,0 0 503
828 503 2,88 0 0,0 0 503
830 503 2,88 0 0,0 0 503
832 503 2,88 0 0,0 0 503
834 503 2,88 0 0,0 0 503
836 503 2,88 0 0,0 0 503
838 503 2,88 0 0,0 0 503
840 503 2,88 0 0,0 0 503
842 503 2,88 0 0,0 0 503
844 503 2,88 0 0,0 0 503
846 503 2,88 0 0,0 0 503
848 503 2,88 0 0,0 0 503
850 503 2,88 0 0,0 0 503
852 503 2,88 0 0,0 0 503
854 503 2,88 0 0,0 0 503
856 503 2,88 0 0,0 0 503
858 503 2,88 0 0,0 0 503
860 503 2,88 0 0,0 0 503
862 503 2,88 0 0,0 0 503
864 503 2,88 0 0,0 0 503
866 503 2,88 0 0,0 0 503
868 503 2,88 0 0,0 0 503
870 503 2,88 0 0,0 0 503
872 503 2,88 0 0,0 0 503
874 503 2,88 0 0,0 0 503
876 503 2,88 0 0,0 0 503
878 503 2,88 0 0,0 0 503
880 503 2,88 0 0,0 0 503
882 503 2,88 0 0,0 0 503
884 503 2,88 0 0,0 0 503
886 503 2,88 0 0,0 0 503
888 503 2,88 0 0,0 0 503
890 503 2,88 0 0,0 0 503
892 503 2,88 0 0,0 0 503
894 503 2,88 0 0,0 0 503
896 503 2,88 0 0,0 0 503
898 503 2,88 0 0,0 0 503
900 503 2,88 0 0,0 0 503
902 503 2,88 0 0,0 0 503
904 503 2,88 0 0,0 0 503
906 503 2,88 0 0,0 0 503
908 503 2,88 0 0,0 0 503
910 503 2,88 0 0,0 0 503
912 503 2,88 0 0,0 0 503
914 503 2,88 0 0,0 0 503
916 503 2,88 0 0,0 0 503
918 503 2,88 0 0,0 0 503
920 503 2,88 0 0,0 0 503
922 503 2,88 0 0,0 0 503
924 503 2,88 0 0,0 0 503
926 503 2,88 0 0,0 0 503
928 503 2,88 0 0,0 0 503
930 503 2,88 0 0,0 0 503
932 503 2,88 0 0,0 0 503
934 503 2,88 0 0,0 0 503
936 503 2,88 0 0,0 0 503
938 503 2,88 0 0,0 0 503
940 503 2,88 0 0,0 0 503
942 503 2,88 0 0,0 0 503
944 503 2,88 0 0,0 0 503
946 503 2,88 0 0,0 0 503
948 503 2,88 0 0,0 0 503
950 503 2,88 0 0,0 0 503
952 503 2,88 0 0,0 0 503
954 503 2,88 0 0,0 0 503
956 503 2,88 0 0,0 0 503
958 503 2,88 0 0,0 0 503
960 503 2,88 0 0,0 0 503
962 503 2,88 0 0,0 0 503
964 503 2,88 0 0,0 0 503
966 503 2,88 0 0,0 0 503
968 503 2,88 0 0,0 0 503
970 503 2,88 0 0,0 0 503
972 503 2,88 0 0,0 0 503
974 503 2,88 0 0,0 0 503
976 503 2,88 0 0,0 0 503
978 503 2,88 0 0,0 0 503
980 503 2,88 0 0,0 0 503
982 503 2,88 0 0,0 0 503
984 503 2,88 0 0,0 0 503
986 503 2,88 0 0,0 0 503
988 503 2,88 0 0,0 0 503
990 503 2,88 0 0,0 0 503
992 503 2,88 0 0,0 0 503
994 503 2,88 0 0,0 0 503
996 503 2,88 0 0,0 0 503
998 503 2,88 0 0,0 0 503
1000 503 2,88 0 0,0 0 503
1002 503 2,88 0 0,0 0 503
1004 503 2,88 0 0,0 0 503
1006 503 2,88 0 0,0 0 503
1008 503 2,88 0 0,0 0 503
1010 503 2,88 0 0,0 0 503
1012 503 2,88 0 0,0 0 503
1014 503 2,88 0 0,0 0 503
1016 503 2,88 0 0,0 0 503
1018 503 2,88 0 0,0 0 503
1020 503 2,88 0 0,0 0 503
1022 503 2,88 0 0,0 0 503
1024 503 2,88 0 0,0 0 503
1026 503 2,88 0 0,0 0 503
1028 503 2,88 0 0,0 0 503
1030 503 2,88 0 0,0 0 503
1032 503 2,88 0 0,0 0 503
1034 503 2,88 0 0,0 0 503
1036 503 2,88 0 0,0 0 503
1038 503 2,88 0 0,0 0 503
1040 503 2,88 0 0,0 0 503
1042 503 2,88 0 0,0 0 503
1044 503 2,88 0 0,0 0 503
1046 503 2,88 0 0,0 0 503
1048 503 2,88 0 0,0 0 503
1050 503 2,88 0 0,0 0 503
1052 503 2,88 0 0,0 0 503
1054 503 2,88 0 0,0 0 503
1056 503 2,88 0 0,0 0 503
1058 503 2,88 0 0,0 0 503
1060 503 2,88 0 0,0 0 503
1062 503 2,88 0 0,0 0 503
1064 503 2,88 0 0,0 0 503
1066 503 2,88 0 0,0 0 503
1068 503 2,88 0 0,0 0 503
1070 503 2,88 0 0,0 0 503
1072 503 2,88 0 0,0 0 503
1074 503 2,88 0 0,0 0 503
1076 503 2,88 0 0,0 0 503
1078 503 2,88 0 0,0 0 503
1080 503 2,88 0 0,0 0 503
1082 503 2,88 0 0,0 0 503
1084 503 2,88 0 0,0 0 503
1086 503 2,88 0 0,0 0 503
1088 503 2,88 0 0,0 0 503
1090 503 2,88 0 0,0 0 503
1092 503 2,88 0 0,0 0 503
1094 503 2,88 0 0,0 0 503
1096 503 2,88 0 0,0 0 503
1098 503 2,88 0 0,0 0 503
1100 503 2,88 0 0,0 0 503
1102 503 2,88 0 0,0 0 503
1104 503 2,88 0 0,0 0 503
1106 503 2,88 0 0,0 0 503
1108 503 2,88 0 0,0 0 503
1110 503 2,88 0 0,0 0 503
1112 503 2,88 0 0,0 0 503
1114 503 2,88 0 0,0 0 503
1116 503 2,88 0 0,0 0 503
1118 503 2,88 0 0,0 0 503
1120 503 2,88 0 0,0 0 503
1122 503 2,88 0 0,0 0 503
1124 503 2,88 0 0,0 0 503
1126 503 2,88 0 0,0 0 503
1128 503 2,88 0 0,0 0 503
1130 503 2,88 0 0,0 0 503
1132 503 2,88 0 0,0 0 503
1134 503 2,88 0 0,0 0 503
1136 503 2,88 0 0,0 0 503
1138 503 2,88 0 0,0 0 503
1140 503 2,88 0 0,0 0 503
1142 503 2,88 0 0,0 0 503
1144 503 2,88 0 0,0 0 503
1146 503 2,88 0 0,0 0 503
1148 503 2,88 0 0,0 0 503
1150 503 2,88 0 0,0 0 503
1152 503 2,88 0 0,0 0 503
1154 503 2,88 0 0,0 0 503
1156 503 2,88 0 0,0 0 503
1158 503 2,88 0 0,0 0 503
1160 503 2,88 0 0,0 0 503
1162 503 2,88 0 0,0 0 503
1164 503 2,88 0 0,0 0 503
1166 503 2,88 0 0,0 0 503
1168 503 2,88 0 0,0 0 503
1170 503 2,88 0 0,0 0 503
1172 503 2,88 0 0,0 0 503
1174 503 2,88 0 0,0 0 503
1176 503 2,88 0 0,0 0 503
1178 503 2,88 0 0,0 0 503
1180 503 2,88 0 0,0 0 503
1182 503 2,88 0 0,0 0 503
1184 503 2,88 0 0,0 0 503
1186 503 2,88 0 0,0 0 503
1188 503 2,88 0 0,0 0 503
1190 503 2,88 0 0,0 0 503
1192 503 2,88 0 0,0 0 503
1194 503 2,88 0 0,0 0 503
1196 503 2,88 0 0,0 0 503
1198 503 2,88 0 0,0 0 503
1200 503 2,88 0 0,0 0 503
1202 503 2,88 0 0,0 0 503
1204 503 2,88 0 0,0 0 503
1206 503 2,88 0 0,0 0 503
1208 503 2,88 0 0,0 0 503
1210 503 2,88 0 0,0 0 503
1212 503 2,88 0 0,0 0 503
1214 503 2,88 0 0,0 0 503
1216 503 2,88 0 0,0 0 503
1218 503 2,88 0 0,0 0 503
1220 503 2,88 0 0,0 0 503
1222 503 2,88 0 0,0 0 503
1224 503 2,88 0 0,0 0 503
1226 503 2,88 0 0,0 0 503
1228 503 2,88 0 0,0 0 503
1230 503 2,88 0 0,0 0 503
1232 503 2,88 0 0,0 0 503
1234 503 2,88 0 0,0 0 503
1236 503 2,88 0 0,0 0 503
1238 503 2,88 0 0,0 0 503
1240 503 2,88 0 0,0 0 503
1242 503 2,88 0 0,0 0 503
1244 503 2,88 0 0,0 0 503
1246 503 2,88 0 0,0 0 503
1248 503 2,88 0 0,0 0 503
1250 503 2,88 0 0,0 0 503
1252 503 2,88 0 0,0 0 503
1254 503 2,88 0 0,0 0 503
1256 503 2,88 0 0,0 0 503
1258 503 2,88 0 0,0 0 503
1260 503 2,88 0 0,0 0 503
1262 503 2,88 0 0,0 0 503
1264 503 2,88 0 0,0 0 503
1266 503 2,88 0 0,0 0 503
1268 503 2,88 0 0,0 0 503
1270 503 2,88 0 0,0 0 503
1272 503 2,88 0 0,0 0 503
1274 503 2,88 0 0,0 0 503
1276 503 2,88 0 0,0 0 503
1278 503 2,88 0 0,0 0 503
1280 503 2,88 0 0,0 0 503
1282 503 2,88 0 0,0 0 503
1284 503 2,88 0 0,0 0 503
1286 503 2,88 0 0,0 0 503
1288 503 2,88 0 0,0 0 503
1290 503 2,88 0 0,0 0 503
1292 503 2,88 0 0,0 0 503
1294 503 2,88 0 0,0 0 503
1296 503 2,88 0 0,0 0 503
1298 503 2,88 0 0,0 0 503
1300 503 2,88 0 0,0 0 503
1302 503 2,88 0 0,0 0 503
1304 503 2,88 0 0,0 0 503
1306 503 2,88 0 0,0 0 503
1308 503 2,88 0 0,0 0 503
1310 503 2,88 0 0,0 0 503
1312 503 2,88 0 0,0 0 503
1314 503 2,88 0 0,0 0 503
1316 503 2,88 0 0,0 0 503
1318 503 2,88 0 0,0 0 503
1320 503 2,88 0 0,0 0 503
1322 503 2,88 0 0,0 0 503
1324 503 2,88 0 0,0 0 503
1326 503 2,88 0 0,0 0 503
1328 503 2,88 0 0,0 0 503
1330 503 2,88 0 0,0 0 503
1332 503 2,88 0 0,0 0 503
1334 503 2,88 0 0,0 0 503
1336 503 2,88 0 0,0 0 503
1338 503 2,88 0 0,0 0 503
1340 503 2,88 0 0,0 0 503
1342 503 2,88 0 0,0 0 503
1344 503 2,88 0 0,0 0 503
1346 503 2,88 0 0,0 0 503
1348 503 2,88 0 0,0 0 503
1350 503 2,88 0 0,0 0 503
1352 503 2,88 0 0,0 0 503
1354 503 2,88 0 0,0 0 503
1356 503 2,88 0 0,0 0 503
1358 503 2,88 0 0,0 0 503
1360 503 2,88 0 0,0 0 503
1362 503 2,88 0 0,0 0 503
1364 503 2,88 0 0,0 0 503
1366 503 2,88 0 0,0 0 503
1368 503 2,88 0 0,0 0 503
1370 503 2,88 0 0,0 0 503
1372 503 2,88 0 0,0 0 503
1374 503 2,88 0 0,0 0 503
1376 503 2,88 0 0,0 0 503
1378 503 2,88 0 0,0 0 503
1380 503 2,88 0 0,0 0 503
1382 503 2,88 0 0,0 0 503
1384 503 2,88 0 0,0 0 503
1386 503 2,88 0 0,0 0 503
1388 503 2,88 0 0,0 0 503
1390 503 2,88 0 0,0 0 503
1392 503 2,88 0 0,0 0 503
1394 503 2,88 0 0,0 0 503
1396 503 2,88 0 0,0 0 503
1398 503 2,88 0 0,0 0 503
1400 503 2,88 0 0,0 0 503
1402 503 2,88 0 0,0 0 503
1404 503 2,88 0 0,0 0 503
1406 503 2,88 0 0,0 0 503
1408 503 2,88 0 0,0 0 503
1410 503 2,88 0 0,0 0 503
1412 503 2,88 0 0,0 0 503
1414 503 2,88 0 0,0 0 503
1416 503 2,88 0 0,0 0 503
1418 503 2,88 0 0,0 0 503
1420 503 2,88 0 0,0 0 503
1422 503 2,88 0 0,0 0 503
1424 503 2,88 0 0,0 0 503
1426 503 2,88 0 0,0 0 503
1428 503 2,88 0 0,0 0 503
1430 503 2,88 0 0,0 0 503
1432 503 2,88 0 0,0 0 503
1434 503 2,88 0 0,0 0 503
1436 503 2,88 0 0,0 0 503
1438 503 2,88 0 0,0 0 503
1440 503 2,88 0 0,0 0 503
