Time Custom..._Count Custom..._Conc Acetate_Count Acetate_Conc Custom..._Died bacteria_couldn't_eat
0 4 0.02 77081 2.4 0 0
2 4 0.02 77081 2.4 0 0
4 4 0.03 76863 2.39 0 0
6 4 0.03 76572 2.38 0 0
8 8 0.05 76202 2.37 0 0
10 8 0.06 75717 2.35 0 0
12 16 0.08 75065 2.33 0 0
14 16 0.11 74162 2.31 0 0
16 16 0.15 72945 2.27 0 0
18 32 0.2 71389 2.22 0 0
20 32 0.26 69287 2.15 0 0
22 64 0.35 66608 2.07 0 0
24 64 0.46 62920 1.96 0 0
26 121 0.62 57924 1.8 0 0
28 128 0.82 51245 1.59 0 0
30 128 1.09 42682 1.33 0 0
32 246 1.43 32875 1.02 0 2
34 250 1.77 22838 0.71 0 44
36 313 2.13 13094 0.41 0 32
38 344 2.37 6682 0.21 0 52
40 354 2.51 3145 0.1 0 92
42 368 2.59 1149 0.04 0 137
44 371 2.62 322 0.01 0 238
46 373 2.63 61 0.0 0 294
48 373 2.63 8 0.0 0 332
50 373 2.63 0 0.0 0 366
52 373 2.63 0 0.0 0 373
54 373 2.63 0 0.0 0 373
56 373 2.63 0 0.0 0 373
58 373 2.63 0 0.0 0 373
60 373 2.63 0 0.0 0 373
62 373 2.63 0 0.0 0 373
64 373 2.63 0 0.0 0 373
66 373 2.63 0 0.0 0 373
68 373 2.63 0 0.0 0 373
70 373 2.63 0 0.0 0 373
72 373 2.63 0 0.0 0 373
74 373 2.63 0 0.0 0 373
76 373 2.63 0 0.0 0 373
78 373 2.63 0 0.0 0 373
80 373 2.63 0 0.0 0 373
82 373 2.63 0 0.0 0 373
84 373 2.63 0 0.0 0 373
86 373 2.63 0 0.0 0 373
88 373 2.63 0 0.0 0 373
90 373 2.63 0 0.0 0 373
92 373 2.63 0 0.0 0 373
94 373 2.63 0 0.0 0 373
96 373 2.63 0 0.0 0 373
98 373 2.63 0 0.0 0 373
100 373 2.63 0 0.0 0 373
102 373 2.63 0 0.0 0 373
104 373 2.63 0 0.0 0 373
106 373 2.63 0 0.0 0 373
108 373 2.63 0 0.0 0 373
110 373 2.63 0 0.0 0 373
112 373 2.63 0 0.0 0 373
114 373 2.63 0 0.0 0 373
116 373 2.63 0 0.0 0 373
118 373 2.63 0 0.0 0 373
120 373 2.63 0 0.0 0 373
122 373 2.63 0 0.0 0 373
124 373 2.63 0 0.0 0 373
126 373 2.63 0 0.0 0 373
128 373 2.63 0 0.0 0 373
130 373 2.63 0 0.0 0 373
132 373 2.63 0 0.0 0 373
134 373 2.63 0 0.0 0 373
136 373 2.63 0 0.0 0 373
138 373 2.63 0 0.0 0 373
140 373 2.63 0 0.0 0 373
142 373 2.63 0 0.0 0 373
144 373 2.63 0 0.0 0 373
146 373 2.63 0 0.0 0 373
148 373 2.63 0 0.0 0 373
150 373 2.63 0 0.0 0 373
152 373 2.63 0 0.0 0 373
154 373 2.63 0 0.0 0 373
156 373 2.63 0 0.0 0 373
158 373 2.63 0 0.0 0 373
160 373 2.63 0 0.0 0 373
162 373 2.63 0 0.0 0 373
164 373 2.63 0 0.0 0 373
166 373 2.63 0 0.0 0 373
168 373 2.63 0 0.0 0 373
170 373 2.63 0 0.0 0 373
172 373 2.63 0 0.0 0 373
174 373 2.63 0 0.0 0 373
176 373 2.63 0 0.0 0 373
178 373 2.63 0 0.0 0 373
180 373 2.63 0 0.0 0 373
182 373 2.63 0 0.0 0 373
184 373 2.63 0 0.0 0 373
186 373 2.63 0 0.0 0 373
188 373 2.63 0 0.0 0 373
190 373 2.63 0 0.0 0 373
192 373 2.63 0 0.0 0 373
194 373 2.63 0 0.0 0 373
196 373 2.63 0 0.0 0 373
198 373 2.63 0 0.0 0 373
200 373 2.63 0 0.0 0 373
202 373 2.63 0 0.0 0 373
204 373 2.63 0 0.0 0 373
206 373 2.63 0 0.0 0 373
208 373 2.63 0 0.0 0 373
210 373 2.63 0 0.0 0 373
212 373 2.63 0 0.0 0 373
214 373 2.63 0 0.0 0 373
216 373 2.63 0 0.0 0 373
218 373 2.63 0 0.0 0 373
220 373 2.63 0 0.0 0 373
222 373 2.63 0 0.0 0 373
224 373 2.63 0 0.0 0 373
226 373 2.63 0 0.0 0 373
228 373 2.63 0 0.0 0 373
230 373 2.63 0 0.0 0 373
232 373 2.63 0 0.0 0 373
234 373 2.63 0 0.0 0 373
236 373 2.63 0 0.0 0 373
238 373 2.63 0 0.0 0 373
240 373 2.63 0 0.0 0 373
242 373 2.63 0 0.0 0 373
244 373 2.63 0 0.0 0 373
246 373 2.63 0 0.0 0 373
248 373 2.63 0 0.0 0 373
250 373 2.63 0 0.0 0 373
252 373 2.63 0 0.0 0 373
254 373 2.63 0 0.0 0 373
256 373 2.63 0 0.0 0 373
258 373 2.63 0 0.0 0 373
260 373 2.63 0 0.0 0 373
262 373 2.63 0 0.0 0 373
264 373 2.63 0 0.0 0 373
266 373 2.63 0 0.0 0 373
268 373 2.63 0 0.0 0 373
270 373 2.63 0 0.0 0 373
272 373 2.63 0 0.0 0 373
274 373 2.63 0 0.0 0 373
276 373 2.63 0 0.0 0 373
278 373 2.63 0 0.0 0 373
280 373 2.63 0 0.0 0 373
282 373 2.63 0 0.0 0 373
284 373 2.63 0 0.0 0 373
286 373 2.63 0 0.0 0 373
288 373 2.63 0 0.0 0 373
290 373 2.63 0 0.0 0 373
292 373 2.63 0 0.0 0 373
294 373 2.63 0 0.0 0 373
296 373 2.63 0 0.0 0 373
298 373 2.63 0 0.0 0 373
300 373 2.63 0 0.0 0 373
302 373 2.63 0 0.0 0 373
304 373 2.63 0 0.0 0 373
306 373 2.63 0 0.0 0 373
308 373 2.63 0 0.0 0 373
310 373 2.63 0 0.0 0 373
312 373 2.63 0 0.0 0 373
314 373 2.63 0 0.0 0 373
316 373 2.63 0 0.0 0 373
318 373 2.63 0 0.0 0 373
320 373 2.63 0 0.0 0 373
322 373 2.63 0 0.0 0 373
324 373 2.63 0 0.0 0 373
326 373 2.63 0 0.0 0 373
328 373 2.63 0 0.0 0 373
330 373 2.63 0 0.0 0 373
332 373 2.63 0 0.0 0 373
334 373 2.63 0 0.0 0 373
336 373 2.63 0 0.0 0 373
338 373 2.63 0 0.0 0 373
340 373 2.63 0 0.0 0 373
342 373 2.63 0 0.0 0 373
344 373 2.63 0 0.0 0 373
346 373 2.63 0 0.0 0 373
348 373 2.63 0 0.0 0 373
350 373 2.63 0 0.0 0 373
352 373 2.63 0 0.0 0 373
354 373 2.63 0 0.0 0 373
356 373 2.63 0 0.0 0 373
358 373 2.63 0 0.0 0 373
360 373 2.63 0 0.0 0 373
362 373 2.63 0 0.0 0 373
364 373 2.63 0 0.0 0 373
366 373 2.63 0 0.0 0 373
368 373 2.63 0 0.0 0 373
370 373 2.63 0 0.0 0 373
372 373 2.63 0 0.0 0 373
374 373 2.63 0 0.0 0 373
376 373 2.63 0 0.0 0 373
378 373 2.63 0 0.0 0 373
380 373 2.63 0 0.0 0 373
382 373 2.63 0 0.0 0 373
384 373 2.63 0 0.0 0 373
386 373 2.63 0 0.0 0 373
388 373 2.63 0 0.0 0 373
390 373 2.63 0 0.0 0 373
392 373 2.63 0 0.0 0 373
394 373 2.63 0 0.0 0 373
396 373 2.63 0 0.0 0 373
398 373 2.63 0 0.0 0 373
400 373 2.63 0 0.0 0 373
402 373 2.63 0 0.0 0 373
404 373 2.63 0 0.0 0 373
406 373 2.63 0 0.0 0 373
408 373 2.63 0 0.0 0 373
410 373 2.63 0 0.0 0 373
412 373 2.63 0 0.0 0 373
414 373 2.63 0 0.0 0 373
416 373 2.63 0 0.0 0 373
418 373 2.63 0 0.0 0 373
420 373 2.63 0 0.0 0 373
422 373 2.63 0 0.0 0 373
424 373 2.63 0 0.0 0 373
426 373 2.63 0 0.0 0 373
428 373 2.63 0 0.0 0 373
430 373 2.63 0 0.0 0 373
432 373 2.63 0 0.0 0 373
434 373 2.63 0 0.0 0 373
436 373 2.63 0 0.0 0 373
438 373 2.63 0 0.0 0 373
440 373 2.63 0 0.0 0 373
442 373 2.63 0 0.0 0 373
444 373 2.63 0 0.0 0 373
446 373 2.63 0 0.0 0 373
448 373 2.63 0 0.0 0 373
450 373 2.63 0 0.0 0 373
452 373 2.63 0 0.0 0 373
454 373 2.63 0 0.0 0 373
456 373 2.63 0 0.0 0 373
458 373 2.63 0 0.0 0 373
460 373 2.63 0 0.0 0 373
462 373 2.63 0 0.0 0 373
464 373 2.63 0 0.0 0 373
466 373 2.63 0 0.0 0 373
468 373 2.63 0 0.0 0 373
470 373 2.63 0 0.0 0 373
472 373 2.63 0 0.0 0 373
474 373 2.63 0 0.0 0 373
476 373 2.63 0 0.0 0 373
478 373 2.63 0 0.0 0 373
480 373 2.63 0 0.0 0 373
482 373 2.63 0 0.0 0 373
484 373 2.63 0 0.0 0 373
486 373 2.63 0 0.0 0 373
488 373 2.63 0 0.0 0 373
490 373 2.63 0 0.0 0 373
492 373 2.63 0 0.0 0 373
494 373 2.63 0 0.0 0 373
496 373 2.63 0 0.0 0 373
498 373 2.63 0 0.0 0 373
500 373 2.63 0 0.0 0 373
502 373 2.63 0 0.0 0 373
504 373 2.63 0 0.0 0 373
506 373 2.63 0 0.0 0 373
508 373 2.63 0 0.0 0 373
510 373 2.63 0 0.0 0 373
512 373 2.63 0 0.0 0 373
514 373 2.63 0 0.0 0 373
516 373 2.63 0 0.0 0 373
518 373 2.63 0 0.0 0 373
520 373 2.63 0 0.0 0 373
522 373 2.63 0 0.0 0 373
524 373 2.63 0 0.0 0 373
526 373 2.63 0 0.0 0 373
528 373 2.63 0 0.0 0 373
530 373 2.63 0 0.0 0 373
532 373 2.63 0 0.0 0 373
534 373 2.63 0 0.0 0 373
536 373 2.63 0 0.0 0 373
538 373 2.63 0 0.0 0 373
540 373 2.63 0 0.0 0 373
542 373 2.63 0 0.0 0 373
544 373 2.63 0 0.0 0 373
546 373 2.63 0 0.0 0 373
548 373 2.63 0 0.0 0 373
550 373 2.63 0 0.0 0 373
552 373 2.63 0 0.0 0 373
554 373 2.63 0 0.0 0 373
556 373 2.63 0 0.0 0 373
558 373 2.63 0 0.0 0 373
560 373 2.63 0 0.0 0 373
562 373 2.63 0 0.0 0 373
564 373 2.63 0 0.0 0 373
566 373 2.63 0 0.0 0 373
568 373 2.63 0 0.0 0 373
570 373 2.63 0 0.0 0 373
572 373 2.63 0 0.0 0 373
574 373 2.63 0 0.0 0 373
576 373 2.63 0 0.0 0 373
578 373 2.63 0 0.0 0 373
580 373 2.63 0 0.0 0 373
582 373 2.63 0 0.0 0 373
584 373 2.63 0 0.0 0 373
586 373 2.63 0 0.0 0 373
588 373 2.63 0 0.0 0 373
590 373 2.63 0 0.0 0 373
592 373 2.63 0 0.0 0 373
594 373 2.63 0 0.0 0 373
596 373 2.63 0 0.0 0 373
598 373 2.63 0 0.0 0 373
600 373 2.63 0 0.0 0 373
602 373 2.63 0 0.0 0 373
604 373 2.63 0 0.0 0 373
606 373 2.63 0 0.0 0 373
608 373 2.63 0 0.0 0 373
610 373 2.63 0 0.0 0 373
612 373 2.63 0 0.0 0 373
614 373 2.63 0 0.0 0 373
616 373 2.63 0 0.0 0 373
618 373 2.63 0 0.0 0 373
620 373 2.63 0 0.0 0 373
622 373 2.63 0 0.0 0 373
624 373 2.63 0 0.0 0 373
626 373 2.63 0 0.0 0 373
628 373 2.63 0 0.0 0 373
630 373 2.63 0 0.0 0 373
632 373 2.63 0 0.0 0 373
634 373 2.63 0 0.0 0 373
636 373 2.63 0 0.0 0 373
638 373 2.63 0 0.0 0 373
640 373 2.63 0 0.0 0 373
642 373 2.63 0 0.0 0 373
644 373 2.63 0 0.0 0 373
646 373 2.63 0 0.0 0 373
648 373 2.63 0 0.0 0 373
650 373 2.63 0 0.0 0 373
652 373 2.63 0 0.0 0 373
654 373 2.63 0 0.0 0 373
656 373 2.63 0 0.0 0 373
658 373 2.63 0 0.0 0 373
660 373 2.63 0 0.0 0 373
662 373 2.63 0 0.0 0 373
664 373 2.63 0 0.0 0 373
666 373 2.63 0 0.0 0 373
668 373 2.63 0 0.0 0 373
670 373 2.63 0 0.0 0 373
672 373 2.63 0 0.0 0 373
674 373 2.63 0 0.0 0 373
676 373 2.63 0 0.0 0 373
678 373 2.63 0 0.0 0 373
680 373 2.63 0 0.0 0 373
682 373 2.63 0 0.0 0 373
684 373 2.63 0 0.0 0 373
686 373 2.63 0 0.0 0 373
688 373 2.63 0 0.0 0 373
690 373 2.63 0 0.0 0 373
692 373 2.63 0 0.0 0 373
694 373 2.63 0 0.0 0 373
696 373 2.63 0 0.0 0 373
698 373 2.63 0 0.0 0 373
700 373 2.63 0 0.0 0 373
702 373 2.63 0 0.0 0 373
704 373 2.63 0 0.0 0 373
706 373 2.63 0 0.0 0 373
708 373 2.63 0 0.0 0 373
710 373 2.63 0 0.0 0 373
712 373 2.63 0 0.0 0 373
714 373 2.63 0 0.0 0 373
716 373 2.63 0 0.0 0 373
718 373 2.63 0 0.0 0 373
720 373 2.63 0 0.0 0 373
722 373 2.63 0 0.0 0 373
724 373 2.63 0 0.0 0 373
726 373 2.63 0 0.0 0 373
728 373 2.63 0 0.0 0 373
730 373 2.63 0 0.0 0 373
732 373 2.63 0 0.0 0 373
734 373 2.63 0 0.0 0 373
736 373 2.63 0 0.0 0 373
738 373 2.63 0 0.0 0 373
740 373 2.63 0 0.0 0 373
742 373 2.63 0 0.0 0 373
744 373 2.63 0 0.0 0 373
746 373 2.63 0 0.0 0 373
748 373 2.63 0 0.0 0 373
750 373 2.63 0 0.0 0 373
752 373 2.63 0 0.0 0 373
754 373 2.63 0 0.0 0 373
756 373 2.63 0 0.0 0 373
758 373 2.63 0 0.0 0 373
760 373 2.63 0 0.0 0 373
762 373 2.63 0 0.0 0 373
764 373 2.63 0 0.0 0 373
766 373 2.63 0 0.0 0 373
768 373 2.63 0 0.0 0 373
770 373 2.63 0 0.0 0 373
772 373 2.63 0 0.0 0 373
774 373 2.63 0 0.0 0 373
776 373 2.63 0 0.0 0 373
778 373 2.63 0 0.0 0 373
780 373 2.63 0 0.0 0 373
782 373 2.63 0 0.0 0 373
784 373 2.63 0 0.0 0 373
786 373 2.63 0 0.0 0 373
788 373 2.63 0 0.0 0 373
790 373 2.63 0 0.0 0 373
792 373 2.63 0 0.0 0 373
794 373 2.63 0 0.0 0 373
796 373 2.63 0 0.0 0 373
798 373 2.63 0 0.0 0 373
800 373 2.63 0 0.0 0 373
802 373 2.63 0 0.0 0 373
804 373 2.63 0 0.0 0 373
806 373 2.63 0 0.0 0 373
808 373 2.63 0 0.0 0 373
810 373 2.63 0 0.0 0 373
812 373 2.63 0 0.0 0 373
814 373 2.63 0 0.0 0 373
816 373 2.63 0 0.0 0 373
818 373 2.63 0 0.0 0 373
820 373 2.63 0 0.0 0 373
822 373 2.63 0 0.0 0 373
824 373 2.63 0 0.0 0 373
826 373 2.63 0 0.0 0 373
828 373 2.63 0 0.0 0 373
830 373 2.63 0 0.0 0 373
832 373 2.63 0 0.0 0 373
834 373 2.63 0 0.0 0 373
836 373 2.63 0 0.0 0 373
838 373 2.63 0 0.0 0 373
840 373 2.63 0 0.0 0 373
842 373 2.63 0 0.0 0 373
844 373 2.63 0 0.0 0 373
846 373 2.63 0 0.0 0 373
848 373 2.63 0 0.0 0 373
850 373 2.63 0 0.0 0 373
852 373 2.63 0 0.0 0 373
854 373 2.63 0 0.0 0 373
856 373 2.63 0 0.0 0 373
858 373 2.63 0 0.0 0 373
860 373 2.63 0 0.0 0 373
862 373 2.63 0 0.0 0 373
864 373 2.63 0 0.0 0 373
866 373 2.63 0 0.0 0 373
868 373 2.63 0 0.0 0 373
870 373 2.63 0 0.0 0 373
872 373 2.63 0 0.0 0 373
874 373 2.63 0 0.0 0 373
876 373 2.63 0 0.0 0 373
878 373 2.63 0 0.0 0 373
880 373 2.63 0 0.0 0 373
882 373 2.63 0 0.0 0 373
884 373 2.63 0 0.0 0 373
886 373 2.63 0 0.0 0 373
888 373 2.63 0 0.0 0 373
890 373 2.63 0 0.0 0 373
892 373 2.63 0 0.0 0 373
894 373 2.63 0 0.0 0 373
896 373 2.63 0 0.0 0 373
898 373 2.63 0 0.0 0 373
900 373 2.63 0 0.0 0 373
902 373 2.63 0 0.0 0 373
904 373 2.63 0 0.0 0 373
906 373 2.63 0 0.0 0 373
908 373 2.63 0 0.0 0 373
910 373 2.63 0 0.0 0 373
912 373 2.63 0 0.0 0 373
914 373 2.63 0 0.0 0 373
916 373 2.63 0 0.0 0 373
918 373 2.63 0 0.0 0 373
920 373 2.63 0 0.0 0 373
922 373 2.63 0 0.0 0 373
924 373 2.63 0 0.0 0 373
926 373 2.63 0 0.0 0 373
928 373 2.63 0 0.0 0 373
930 373 2.63 0 0.0 0 373
932 373 2.63 0 0.0 0 373
934 373 2.63 0 0.0 0 373
936 373 2.63 0 0.0 0 373
938 373 2.63 0 0.0 0 373
940 373 2.63 0 0.0 0 373
942 373 2.63 0 0.0 0 373
944 373 2.63 0 0.0 0 373
946 373 2.63 0 0.0 0 373
948 373 2.63 0 0.0 0 373
950 373 2.63 0 0.0 0 373
952 373 2.63 0 0.0 0 373
954 373 2.63 0 0.0 0 373
956 373 2.63 0 0.0 0 373
958 373 2.63 0 0.0 0 373
960 373 2.63 0 0.0 0 373
962 373 2.63 0 0.0 0 373
964 373 2.63 0 0.0 0 373
966 373 2.63 0 0.0 0 373
968 373 2.63 0 0.0 0 373
970 373 2.63 0 0.0 0 373
972 373 2.63 0 0.0 0 373
974 373 2.63 0 0.0 0 373
976 373 2.63 0 0.0 0 373
978 373 2.63 0 0.0 0 373
980 373 2.63 0 0.0 0 373
982 373 2.63 0 0.0 0 373
984 373 2.63 0 0.0 0 373
986 373 2.63 0 0.0 0 373
988 373 2.63 0 0.0 0 373
990 373 2.63 0 0.0 0 373
992 373 2.63 0 0.0 0 373
994 373 2.63 0 0.0 0 373
996 373 2.63 0 0.0 0 373
998 373 2.63 0 0.0 0 373
1000 373 2.63 0 0.0 0 373
1002 373 2.63 0 0.0 0 373
1004 373 2.63 0 0.0 0 373
1006 373 2.63 0 0.0 0 373
1008 373 2.63 0 0.0 0 373
1010 373 2.63 0 0.0 0 373
1012 373 2.63 0 0.0 0 373
1014 373 2.63 0 0.0 0 373
1016 373 2.63 0 0.0 0 373
1018 373 2.63 0 0.0 0 373
1020 373 2.63 0 0.0 0 373
1022 373 2.63 0 0.0 0 373
1024 373 2.63 0 0.0 0 373
1026 373 2.63 0 0.0 0 373
1028 373 2.63 0 0.0 0 373
1030 373 2.63 0 0.0 0 373
1032 373 2.63 0 0.0 0 373
1034 373 2.63 0 0.0 0 373
1036 373 2.63 0 0.0 0 373
1038 373 2.63 0 0.0 0 373
1040 373 2.63 0 0.0 0 373
1042 373 2.63 0 0.0 0 373
1044 373 2.63 0 0.0 0 373
1046 373 2.63 0 0.0 0 373
1048 373 2.63 0 0.0 0 373
1050 373 2.63 0 0.0 0 373
1052 373 2.63 0 0.0 0 373
1054 373 2.63 0 0.0 0 373
1056 373 2.63 0 0.0 0 373
1058 373 2.63 0 0.0 0 373
1060 373 2.63 0 0.0 0 373
1062 373 2.63 0 0.0 0 373
1064 373 2.63 0 0.0 0 373
1066 373 2.63 0 0.0 0 373
1068 373 2.63 0 0.0 0 373
1070 373 2.63 0 0.0 0 373
1072 373 2.63 0 0.0 0 373
1074 373 2.63 0 0.0 0 373
1076 373 2.63 0 0.0 0 373
1078 373 2.63 0 0.0 0 373
1080 373 2.63 0 0.0 0 373
1082 373 2.63 0 0.0 0 373
1084 373 2.63 0 0.0 0 373
1086 373 2.63 0 0.0 0 373
1088 373 2.63 0 0.0 0 373
1090 373 2.63 0 0.0 0 373
1092 373 2.63 0 0.0 0 373
1094 373 2.63 0 0.0 0 373
1096 373 2.63 0 0.0 0 373
1098 373 2.63 0 0.0 0 373
1100 373 2.63 0 0.0 0 373
1102 373 2.63 0 0.0 0 373
1104 373 2.63 0 0.0 0 373
1106 373 2.63 0 0.0 0 373
1108 373 2.63 0 0.0 0 373
1110 373 2.63 0 0.0 0 373
1112 373 2.63 0 0.0 0 373
1114 373 2.63 0 0.0 0 373
1116 373 2.63 0 0.0 0 373
1118 373 2.63 0 0.0 0 373
1120 373 2.63 0 0.0 0 373
1122 373 2.63 0 0.0 0 373
1124 373 2.63 0 0.0 0 373
1126 373 2.63 0 0.0 0 373
1128 373 2.63 0 0.0 0 373
1130 373 2.63 0 0.0 0 373
1132 373 2.63 0 0.0 0 373
1134 373 2.63 0 0.0 0 373
1136 373 2.63 0 0.0 0 373
1138 373 2.63 0 0.0 0 373
1140 373 2.63 0 0.0 0 373
1142 373 2.63 0 0.0 0 373
1144 373 2.63 0 0.0 0 373
1146 373 2.63 0 0.0 0 373
1148 373 2.63 0 0.0 0 373
1150 373 2.63 0 0.0 0 373
1152 373 2.63 0 0.0 0 373
1154 373 2.63 0 0.0 0 373
1156 373 2.63 0 0.0 0 373
1158 373 2.63 0 0.0 0 373
1160 373 2.63 0 0.0 0 373
1162 373 2.63 0 0.0 0 373
1164 373 2.63 0 0.0 0 373
1166 373 2.63 0 0.0 0 373
1168 373 2.63 0 0.0 0 373
1170 373 2.63 0 0.0 0 373
1172 373 2.63 0 0.0 0 373
1174 373 2.63 0 0.0 0 373
1176 373 2.63 0 0.0 0 373
1178 373 2.63 0 0.0 0 373
1180 373 2.63 0 0.0 0 373
1182 373 2.63 0 0.0 0 373
1184 373 2.63 0 0.0 0 373
1186 373 2.63 0 0.0 0 373
1188 373 2.63 0 0.0 0 373
1190 373 2.63 0 0.0 0 373
1192 373 2.63 0 0.0 0 373
1194 373 2.63 0 0.0 0 373
1196 373 2.63 0 0.0 0 373
1198 373 2.63 0 0.0 0 373
1200 373 2.63 0 0.0 0 373
1202 373 2.63 0 0.0 0 373
1204 373 2.63 0 0.0 0 373
1206 373 2.63 0 0.0 0 373
1208 373 2.63 0 0.0 0 373
1210 373 2.63 0 0.0 0 373
1212 373 2.63 0 0.0 0 373
1214 373 2.63 0 0.0 0 373
1216 373 2.63 0 0.0 0 373
1218 373 2.63 0 0.0 0 373
1220 373 2.63 0 0.0 0 373
1222 373 2.63 0 0.0 0 373
1224 373 2.63 0 0.0 0 373
1226 372 2.63 0 0.0 1 373
1228 372 2.63 0 0.0 1 372
1230 372 2.63 0 0.0 1 372
1232 372 2.63 0 0.0 1 372
1234 372 2.63 0 0.0 1 372
1236 372 2.63 0 0.0 1 372
1238 372 2.63 0 0.0 1 372
1240 372 2.63 0 0.0 1 372
1242 372 2.63 0 0.0 1 372
1244 372 2.63 0 0.0 1 372
1246 372 2.63 0 0.0 1 372
1248 372 2.63 0 0.0 1 372
1250 372 2.63 0 0.0 1 372
1252 372 2.63 0 0.0 1 372
1254 372 2.63 0 0.0 1 372
1256 372 2.63 0 0.0 1 372
1258 372 2.63 0 0.0 1 372
1260 372 2.63 0 0.0 1 372
1262 372 2.63 0 0.0 1 372
1264 372 2.63 0 0.0 1 372
1266 372 2.63 0 0.0 1 372
1268 372 2.63 0 0.0 1 372
1270 372 2.63 0 0.0 1 372
1272 372 2.63 0 0.0 1 372
1274 372 2.63 0 0.0 1 372
1276 372 2.63 0 0.0 1 372
1278 372 2.63 0 0.0 1 372
1280 372 2.63 0 0.0 1 372
1282 372 2.63 0 0.0 1 372
1284 372 2.63 0 0.0 1 372
1286 372 2.63 0 0.0 1 372
1288 372 2.63 0 0.0 1 372
1290 372 2.63 0 0.0 1 372
1292 372 2.63 0 0.0 1 372
1294 372 2.63 0 0.0 1 372
1296 372 2.63 0 0.0 1 372
1298 372 2.63 0 0.0 1 372
1300 372 2.63 0 0.0 1 372
1302 372 2.63 0 0.0 1 372
1304 372 2.63 0 0.0 1 372
1306 372 2.63 0 0.0 1 372
1308 372 2.63 0 0.0 1 372
1310 372 2.63 0 0.0 1 372
1312 372 2.63 0 0.0 1 372
1314 372 2.63 0 0.0 1 372
1316 372 2.63 0 0.0 1 372
1318 371 2.62 0 0.0 2 372
1320 371 2.62 0 0.0 2 371
1322 371 2.62 0 0.0 2 371
1324 371 2.62 0 0.0 2 371
1326 371 2.62 0 0.0 2 371
1328 371 2.62 0 0.0 2 371
1330 371 2.62 0 0.0 2 371
1332 371 2.62 0 0.0 2 371
1334 371 2.62 0 0.0 2 371
1336 371 2.62 0 0.0 2 371
1338 371 2.62 0 0.0 2 371
1340 371 2.62 0 0.0 2 371
1342 371 2.62 0 0.0 2 371
1344 371 2.62 0 0.0 2 371
1346 371 2.62 0 0.0 2 371
1348 371 2.62 0 0.0 2 371
1350 371 2.62 0 0.0 2 371
1352 371 2.62 0 0.0 2 371
1354 371 2.62 0 0.0 2 371
1356 371 2.62 0 0.0 2 371
1358 371 2.62 0 0.0 2 371
1360 371 2.62 0 0.0 2 371
1362 371 2.62 0 0.0 2 371
1364 371 2.62 0 0.0 2 371
1366 371 2.62 0 0.0 2 371
1368 371 2.62 0 0.0 2 371
1370 371 2.62 0 0.0 2 371
1372 371 2.62 0 0.0 2 371
1374 371 2.62 0 0.0 2 371
1376 371 2.62 0 0.0 2 371
1378 371 2.62 0 0.0 2 371
1380 371 2.62 0 0.0 2 371
1382 371 2.62 0 0.0 2 371
1384 371 2.62 0 0.0 2 371
1386 371 2.62 0 0.0 2 371
1388 371 2.62 0 0.0 2 371
1390 371 2.62 0 0.0 2 371
1392 371 2.62 0 0.0 2 371
1394 371 2.62 0 0.0 2 371
1396 371 2.62 0 0.0 2 371
1398 371 2.62 0 0.0 2 371
1400 371 2.62 0 0.0 2 371
1402 371 2.62 0 0.0 2 371
1404 371 2.62 0 0.0 2 371
1406 371 2.62 0 0.0 2 371
1408 371 2.62 0 0.0 2 371
1410 371 2.62 0 0.0 2 371
1412 371 2.62 0 0.0 2 371
1414 371 2.62 0 0.0 2 371
1416 371 2.62 0 0.0 2 371
1418 371 2.62 0 0.0 2 371
1420 371 2.62 0 0.0 2 371
1422 371 2.62 0 0.0 2 371
1424 371 2.62 0 0.0 2 371
1426 371 2.62 0 0.0 2 371
1428 371 2.62 0 0.0 2 371
1430 371 2.62 0 0.0 2 371
1432 371 2.62 0 0.0 2 371
1434 371 2.62 0 0.0 2 371
1436 371 2.62 0 0.0 2 371
1438 371 2.62 0 0.0 2 371
1440 371 2.62 0 0.0 2 371
