Time PAo1_Count PAo1_Conc Acetate_Count Acetate_Conc PAo1_Died bacteria_couldn't_eat
0 4 0.02 77081 2.4 0 0
2 4 0.02 77081 2.4 0 0
4 4 0.03 76837 2.39 0 0
6 8 0.04 76476 2.38 0 0
8 8 0.06 75954 2.37 0 0
10 16 0.09 75197 2.34 0 0
12 16 0.13 74098 2.31 0 0
14 32 0.18 72496 2.26 0 0
16 32 0.27 70199 2.19 0 0
18 64 0.39 66969 2.09 0 0
20 64 0.56 62237 1.94 0 0
22 128 0.8 55774 1.74 0 0
24 128 1.12 47527 1.48 0 11
26 231 1.52 37373 1.16 0 7
28 302 1.97 26391 0.82 0 42
30 352 2.4 16198 0.5 0 70
32 387 2.78 7759 0.24 0 78
34 429 3.0 2872 0.09 0 107
36 439 3.1 690 0.02 0 176
38 442 3.13 107 0.0 0 286
40 442 3.13 6 0.0 0 383
42 442 3.13 0 0.0 0 436
44 442 3.13 0 0.0 0 442
46 442 3.13 0 0.0 0 442
48 442 3.13 0 0.0 0 442
50 442 3.13 0 0.0 0 442
52 442 3.13 0 0.0 0 442
54 442 3.13 0 0.0 0 442
56 442 3.13 0 0.0 0 442
58 442 3.13 0 0.0 0 442
60 442 3.13 0 0.0 0 442
62 442 3.13 0 0.0 0 442
64 442 3.13 0 0.0 0 442
66 442 3.13 0 0.0 0 442
68 442 3.13 0 0.0 0 442
70 442 3.13 0 0.0 0 442
72 442 3.13 0 0.0 0 442
74 442 3.13 0 0.0 0 442
76 442 3.13 0 0.0 0 442
78 442 3.13 0 0.0 0 442
80 442 3.13 0 0.0 0 442
82 442 3.13 0 0.0 0 442
84 442 3.13 0 0.0 0 442
86 442 3.13 0 0.0 0 442
88 442 3.13 0 0.0 0 442
90 442 3.13 0 0.0 0 442
92 442 3.13 0 0.0 0 442
94 442 3.13 0 0.0 0 442
96 442 3.13 0 0.0 0 442
98 442 3.13 0 0.0 0 442
100 442 3.13 0 0.0 0 442
102 442 3.13 0 0.0 0 442
104 442 3.13 0 0.0 0 442
106 442 3.13 0 0.0 0 442
108 442 3.13 0 0.0 0 442
110 442 3.13 0 0.0 0 442
112 442 3.13 0 0.0 0 442
114 442 3.13 0 0.0 0 442
116 442 3.13 0 0.0 0 442
118 442 3.13 0 0.0 0 442
120 442 3.13 0 0.0 0 442
122 442 3.13 0 0.0 0 442
124 442 3.13 0 0.0 0 442
126 442 3.13 0 0.0 0 442
128 442 3.13 0 0.0 0 442
130 442 3.13 0 0.0 0 442
132 442 3.13 0 0.0 0 442
134 442 3.13 0 0.0 0 442
136 442 3.13 0 0.0 0 442
138 442 3.13 0 0.0 0 442
140 442 3.13 0 0.0 0 442
142 442 3.13 0 0.0 0 442
144 442 3.13 0 0.0 0 442
146 442 3.13 0 0.0 0 442
148 442 3.13 0 0.0 0 442
150 442 3.13 0 0.0 0 442
152 442 3.13 0 0.0 0 442
154 442 3.13 0 0.0 0 442
156 442 3.13 0 0.0 0 442
158 442 3.13 0 0.0 0 442
160 442 3.13 0 0.0 0 442
162 442 3.13 0 0.0 0 442
164 442 3.13 0 0.0 0 442
166 442 3.13 0 0.0 0 442
168 442 3.13 0 0.0 0 442
170 442 3.13 0 0.0 0 442
172 442 3.13 0 0.0 0 442
174 442 3.13 0 0.0 0 442
176 442 3.13 0 0.0 0 442
178 442 3.13 0 0.0 0 442
180 442 3.13 0 0.0 0 442
182 442 3.13 0 0.0 0 442
184 442 3.13 0 0.0 0 442
186 442 3.13 0 0.0 0 442
188 442 3.13 0 0.0 0 442
190 442 3.13 0 0.0 0 442
192 442 3.13 0 0.0 0 442
194 442 3.13 0 0.0 0 442
196 442 3.13 0 0.0 0 442
198 442 3.13 0 0.0 0 442
200 442 3.13 0 0.0 0 442
202 442 3.13 0 0.0 0 442
204 442 3.13 0 0.0 0 442
206 442 3.13 0 0.0 0 442
208 442 3.13 0 0.0 0 442
210 442 3.13 0 0.0 0 442
212 442 3.13 0 0.0 0 442
214 442 3.13 0 0.0 0 442
216 442 3.13 0 0.0 0 442
218 442 3.13 0 0.0 0 442
220 442 3.13 0 0.0 0 442
222 442 3.13 0 0.0 0 442
224 442 3.13 0 0.0 0 442
226 442 3.13 0 0.0 0 442
228 442 3.13 0 0.0 0 442
230 442 3.13 0 0.0 0 442
232 442 3.13 0 0.0 0 442
234 442 3.13 0 0.0 0 442
236 442 3.13 0 0.0 0 442
238 442 3.13 0 0.0 0 442
240 442 3.13 0 0.0 0 442
242 442 3.13 0 0.0 0 442
244 442 3.13 0 0.0 0 442
246 442 3.13 0 0.0 0 442
248 442 3.13 0 0.0 0 442
250 442 3.13 0 0.0 0 442
252 442 3.13 0 0.0 0 442
254 442 3.13 0 0.0 0 442
256 442 3.13 0 0.0 0 442
258 442 3.13 0 0.0 0 442
260 442 3.13 0 0.0 0 442
262 442 3.13 0 0.0 0 442
264 442 3.13 0 0.0 0 442
266 442 3.13 0 0.0 0 442
268 442 3.13 0 0.0 0 442
270 442 3.13 0 0.0 0 442
272 442 3.13 0 0.0 0 442
274 442 3.13 0 0.0 0 442
276 442 3.13 0 0.0 0 442
278 442 3.13 0 0.0 0 442
280 442 3.13 0 0.0 0 442
282 442 3.13 0 0.0 0 442
284 442 3.13 0 0.0 0 442
286 442 3.13 0 0.0 0 442
288 442 3.13 0 0.0 0 442
290 442 3.13 0 0.0 0 442
292 442 3.13 0 0.0 0 442
294 442 3.13 0 0.0 0 442
296 442 3.13 0 0.0 0 442
298 442 3.13 0 0.0 0 442
300 442 3.13 0 0.0 0 442
302 442 3.13 0 0.0 0 442
304 442 3.13 0 0.0 0 442
306 442 3.13 0 0.0 0 442
308 442 3.13 0 0.0 0 442
310 442 3.13 0 0.0 0 442
312 442 3.13 0 0.0 0 442
314 442 3.13 0 0.0 0 442
316 442 3.13 0 0.0 0 442
318 442 3.13 0 0.0 0 442
320 442 3.13 0 0.0 0 442
322 442 3.13 0 0.0 0 442
324 442 3.13 0 0.0 0 442
326 442 3.13 0 0.0 0 442
328 442 3.13 0 0.0 0 442
330 442 3.13 0 0.0 0 442
332 442 3.13 0 0.0 0 442
334 442 3.13 0 0.0 0 442
336 442 3.13 0 0.0 0 442
338 442 3.13 0 0.0 0 442
340 442 3.13 0 0.0 0 442
342 442 3.13 0 0.0 0 442
344 442 3.13 0 0.0 0 442
346 442 3.13 0 0.0 0 442
348 442 3.13 0 0.0 0 442
350 442 3.13 0 0.0 0 442
352 442 3.13 0 0.0 0 442
354 442 3.13 0 0.0 0 442
356 442 3.13 0 0.0 0 442
358 442 3.13 0 0.0 0 442
360 442 3.13 0 0.0 0 442
362 442 3.13 0 0.0 0 442
364 442 3.13 0 0.0 0 442
366 442 3.13 0 0.0 0 442
368 442 3.13 0 0.0 0 442
370 442 3.13 0 0.0 0 442
372 442 3.13 0 0.0 0 442
374 442 3.13 0 0.0 0 442
376 442 3.13 0 0.0 0 442
378 442 3.13 0 0.0 0 442
380 442 3.13 0 0.0 0 442
382 442 3.13 0 0.0 0 442
384 442 3.13 0 0.0 0 442
386 442 3.13 0 0.0 0 442
388 442 3.13 0 0.0 0 442
390 442 3.13 0 0.0 0 442
392 442 3.13 0 0.0 0 442
394 442 3.13 0 0.0 0 442
396 442 3.13 0 0.0 0 442
398 442 3.13 0 0.0 0 442
400 442 3.13 0 0.0 0 442
402 442 3.13 0 0.0 0 442
404 442 3.13 0 0.0 0 442
406 442 3.13 0 0.0 0 442
408 442 3.13 0 0.0 0 442
410 442 3.13 0 0.0 0 442
412 442 3.13 0 0.0 0 442
414 442 3.13 0 0.0 0 442
416 442 3.13 0 0.0 0 442
418 442 3.13 0 0.0 0 442
420 442 3.13 0 0.0 0 442
422 442 3.13 0 0.0 0 442
424 442 3.13 0 0.0 0 442
426 442 3.13 0 0.0 0 442
428 442 3.13 0 0.0 0 442
430 442 3.13 0 0.0 0 442
432 442 3.13 0 0.0 0 442
434 442 3.13 0 0.0 0 442
436 442 3.13 0 0.0 0 442
438 442 3.13 0 0.0 0 442
440 442 3.13 0 0.0 0 442
442 442 3.13 0 0.0 0 442
444 442 3.13 0 0.0 0 442
446 442 3.13 0 0.0 0 442
448 442 3.13 0 0.0 0 442
450 442 3.13 0 0.0 0 442
452 442 3.13 0 0.0 0 442
454 442 3.13 0 0.0 0 442
456 442 3.13 0 0.0 0 442
458 442 3.13 0 0.0 0 442
460 442 3.13 0 0.0 0 442
462 442 3.13 0 0.0 0 442
464 442 3.13 0 0.0 0 442
466 442 3.13 0 0.0 0 442
468 442 3.13 0 0.0 0 442
470 442 3.13 0 0.0 0 442
472 442 3.13 0 0.0 0 442
474 442 3.13 0 0.0 0 442
476 442 3.13 0 0.0 0 442
478 442 3.13 0 0.0 0 442
480 442 3.13 0 0.0 0 442
482 442 3.13 0 0.0 0 442
484 442 3.13 0 0.0 0 442
486 442 3.13 0 0.0 0 442
488 442 3.13 0 0.0 0 442
490 442 3.13 0 0.0 0 442
492 442 3.13 0 0.0 0 442
494 442 3.13 0 0.0 0 442
496 442 3.13 0 0.0 0 442
498 442 3.13 0 0.0 0 442
500 442 3.13 0 0.0 0 442
502 442 3.13 0 0.0 0 442
504 442 3.13 0 0.0 0 442
506 442 3.13 0 0.0 0 442
508 442 3.13 0 0.0 0 442
510 442 3.13 0 0.0 0 442
512 442 3.13 0 0.0 0 442
514 442 3.13 0 0.0 0 442
516 442 3.13 0 0.0 0 442
518 442 3.13 0 0.0 0 442
520 442 3.13 0 0.0 0 442
522 442 3.13 0 0.0 0 442
524 442 3.13 0 0.0 0 442
526 442 3.13 0 0.0 0 442
528 442 3.13 0 0.0 0 442
530 442 3.13 0 0.0 0 442
532 442 3.13 0 0.0 0 442
534 442 3.13 0 0.0 0 442
536 442 3.13 0 0.0 0 442
538 442 3.13 0 0.0 0 442
540 442 3.13 0 0.0 0 442
542 442 3.13 0 0.0 0 442
544 442 3.13 0 0.0 0 442
546 442 3.13 0 0.0 0 442
548 442 3.13 0 0.0 0 442
550 442 3.13 0 0.0 0 442
552 442 3.13 0 0.0 0 442
554 442 3.13 0 0.0 0 442
556 442 3.13 0 0.0 0 442
558 442 3.13 0 0.0 0 442
560 442 3.13 0 0.0 0 442
562 442 3.13 0 0.0 0 442
564 442 3.13 0 0.0 0 442
566 442 3.13 0 0.0 0 442
568 442 3.13 0 0.0 0 442
570 442 3.13 0 0.0 0 442
572 442 3.13 0 0.0 0 442
574 442 3.13 0 0.0 0 442
576 442 3.13 0 0.0 0 442
578 442 3.13 0 0.0 0 442
580 442 3.13 0 0.0 0 442
582 442 3.13 0 0.0 0 442
584 442 3.13 0 0.0 0 442
586 442 3.13 0 0.0 0 442
588 442 3.13 0 0.0 0 442
590 442 3.13 0 0.0 0 442
592 442 3.13 0 0.0 0 442
594 442 3.13 0 0.0 0 442
596 442 3.13 0 0.0 0 442
598 442 3.13 0 0.0 0 442
600 442 3.13 0 0.0 0 442
602 442 3.13 0 0.0 0 442
604 442 3.13 0 0.0 0 442
606 442 3.13 0 0.0 0 442
608 442 3.13 0 0.0 0 442
610 442 3.13 0 0.0 0 442
612 442 3.13 0 0.0 0 442
614 442 3.13 0 0.0 0 442
616 442 3.13 0 0.0 0 442
618 442 3.13 0 0.0 0 442
620 442 3.13 0 0.0 0 442
622 442 3.13 0 0.0 0 442
624 442 3.13 0 0.0 0 442
626 442 3.13 0 0.0 0 442
628 442 3.13 0 0.0 0 442
630 442 3.13 0 0.0 0 442
632 442 3.13 0 0.0 0 442
634 442 3.13 0 0.0 0 442
636 442 3.13 0 0.0 0 442
638 442 3.13 0 0.0 0 442
640 442 3.13 0 0.0 0 442
642 442 3.13 0 0.0 0 442
644 442 3.13 0 0.0 0 442
646 442 3.13 0 0.0 0 442
648 442 3.13 0 0.0 0 442
650 442 3.13 0 0.0 0 442
652 442 3.13 0 0.0 0 442
654 442 3.13 0 0.0 0 442
656 442 3.13 0 0.0 0 442
658 442 3.13 0 0.0 0 442
660 442 3.13 0 0.0 0 442
662 442 3.13 0 0.0 0 442
664 442 3.13 0 0.0 0 442
666 442 3.13 0 0.0 0 442
668 442 3.13 0 0.0 0 442
670 442 3.13 0 0.0 0 442
672 442 3.13 0 0.0 0 442
674 442 3.13 0 0.0 0 442
676 442 3.13 0 0.0 0 442
678 442 3.13 0 0.0 0 442
680 442 3.13 0 0.0 0 442
682 442 3.13 0 0.0 0 442
684 442 3.13 0 0.0 0 442
686 442 3.13 0 0.0 0 442
688 442 3.13 0 0.0 0 442
690 442 3.13 0 0.0 0 442
692 442 3.13 0 0.0 0 442
694 442 3.13 0 0.0 0 442
696 442 3.13 0 0.0 0 442
698 442 3.13 0 0.0 0 442
700 442 3.13 0 0.0 0 442
702 442 3.13 0 0.0 0 442
704 442 3.13 0 0.0 0 442
706 442 3.13 0 0.0 0 442
708 442 3.13 0 0.0 0 442
710 442 3.13 0 0.0 0 442
712 442 3.13 0 0.0 0 442
714 442 3.13 0 0.0 0 442
716 442 3.13 0 0.0 0 442
718 442 3.13 0 0.0 0 442
720 442 3.13 0 0.0 0 442
722 442 3.13 0 0.0 0 442
724 442 3.13 0 0.0 0 442
726 442 3.13 0 0.0 0 442
728 442 3.13 0 0.0 0 442
730 442 3.13 0 0.0 0 442
732 442 3.13 0 0.0 0 442
734 442 3.13 0 0.0 0 442
736 442 3.13 0 0.0 0 442
738 442 3.13 0 0.0 0 442
740 442 3.13 0 0.0 0 442
742 442 3.13 0 0.0 0 442
744 442 3.13 0 0.0 0 442
746 442 3.13 0 0.0 0 442
748 442 3.13 0 0.0 0 442
750 442 3.13 0 0.0 0 442
752 442 3.13 0 0.0 0 442
754 442 3.13 0 0.0 0 442
756 442 3.13 0 0.0 0 442
758 442 3.13 0 0.0 0 442
760 442 3.13 0 0.0 0 442
762 442 3.13 0 0.0 0 442
764 442 3.13 0 0.0 0 442
766 442 3.13 0 0.0 0 442
768 442 3.13 0 0.0 0 442
770 442 3.13 0 0.0 0 442
772 442 3.13 0 0.0 0 442
774 442 3.13 0 0.0 0 442
776 442 3.13 0 0.0 0 442
778 442 3.13 0 0.0 0 442
780 442 3.13 0 0.0 0 442
782 442 3.13 0 0.0 0 442
784 442 3.13 0 0.0 0 442
786 442 3.13 0 0.0 0 442
788 442 3.13 0 0.0 0 442
790 442 3.13 0 0.0 0 442
792 442 3.13 0 0.0 0 442
794 442 3.13 0 0.0 0 442
796 442 3.13 0 0.0 0 442
798 442 3.13 0 0.0 0 442
800 442 3.13 0 0.0 0 442
802 442 3.13 0 0.0 0 442
804 442 3.13 0 0.0 0 442
806 442 3.13 0 0.0 0 442
808 442 3.13 0 0.0 0 442
810 442 3.13 0 0.0 0 442
812 442 3.13 0 0.0 0 442
814 442 3.13 0 0.0 0 442
816 442 3.13 0 0.0 0 442
818 442 3.13 0 0.0 0 442
820 442 3.13 0 0.0 0 442
822 442 3.13 0 0.0 0 442
824 442 3.13 0 0.0 0 442
826 442 3.13 0 0.0 0 442
828 442 3.13 0 0.0 0 442
830 442 3.13 0 0.0 0 442
832 442 3.13 0 0.0 0 442
834 442 3.13 0 0.0 0 442
836 442 3.13 0 0.0 0 442
838 442 3.13 0 0.0 0 442
840 442 3.13 0 0.0 0 442
842 442 3.13 0 0.0 0 442
844 442 3.13 0 0.0 0 442
846 442 3.13 0 0.0 0 442
848 442 3.13 0 0.0 0 442
850 442 3.13 0 0.0 0 442
852 442 3.13 0 0.0 0 442
854 442 3.13 0 0.0 0 442
856 442 3.13 0 0.0 0 442
858 442 3.13 0 0.0 0 442
860 442 3.13 0 0.0 0 442
862 442 3.13 0 0.0 0 442
864 442 3.13 0 0.0 0 442
866 442 3.13 0 0.0 0 442
868 442 3.13 0 0.0 0 442
870 442 3.13 0 0.0 0 442
872 442 3.13 0 0.0 0 442
874 442 3.13 0 0.0 0 442
876 442 3.13 0 0.0 0 442
878 442 3.13 0 0.0 0 442
880 442 3.13 0 0.0 0 442
882 442 3.13 0 0.0 0 442
884 442 3.13 0 0.0 0 442
886 442 3.13 0 0.0 0 442
888 442 3.13 0 0.0 0 442
890 442 3.13 0 0.0 0 442
892 442 3.13 0 0.0 0 442
894 442 3.13 0 0.0 0 442
896 442 3.13 0 0.0 0 442
898 442 3.13 0 0.0 0 442
900 442 3.13 0 0.0 0 442
902 442 3.13 0 0.0 0 442
904 442 3.13 0 0.0 0 442
906 442 3.13 0 0.0 0 442
908 442 3.13 0 0.0 0 442
910 442 3.13 0 0.0 0 442
912 442 3.13 0 0.0 0 442
914 442 3.13 0 0.0 0 442
916 442 3.13 0 0.0 0 442
918 442 3.13 0 0.0 0 442
920 442 3.13 0 0.0 0 442
922 442 3.13 0 0.0 0 442
924 442 3.13 0 0.0 0 442
926 442 3.13 0 0.0 0 442
928 442 3.13 0 0.0 0 442
930 442 3.13 0 0.0 0 442
932 442 3.13 0 0.0 0 442
934 442 3.13 0 0.0 0 442
936 442 3.13 0 0.0 0 442
938 442 3.13 0 0.0 0 442
940 442 3.13 0 0.0 0 442
942 442 3.13 0 0.0 0 442
944 442 3.13 0 0.0 0 442
946 442 3.13 0 0.0 0 442
948 442 3.13 0 0.0 0 442
950 442 3.13 0 0.0 0 442
952 442 3.13 0 0.0 0 442
954 442 3.13 0 0.0 0 442
956 442 3.13 0 0.0 0 442
958 442 3.13 0 0.0 0 442
960 442 3.13 0 0.0 0 442
962 442 3.13 0 0.0 0 442
964 442 3.13 0 0.0 0 442
966 442 3.13 0 0.0 0 442
968 442 3.13 0 0.0 0 442
970 442 3.13 0 0.0 0 442
972 442 3.13 0 0.0 0 442
974 442 3.13 0 0.0 0 442
976 442 3.13 0 0.0 0 442
978 442 3.13 0 0.0 0 442
980 442 3.13 0 0.0 0 442
982 442 3.13 0 0.0 0 442
984 442 3.13 0 0.0 0 442
986 442 3.13 0 0.0 0 442
988 442 3.13 0 0.0 0 442
990 442 3.13 0 0.0 0 442
992 442 3.13 0 0.0 0 442
994 442 3.13 0 0.0 0 442
996 442 3.13 0 0.0 0 442
998 442 3.13 0 0.0 0 442
1000 442 3.13 0 0.0 0 442
1002 442 3.13 0 0.0 0 442
1004 442 3.13 0 0.0 0 442
1006 442 3.13 0 0.0 0 442
1008 442 3.13 0 0.0 0 442
1010 442 3.13 0 0.0 0 442
1012 442 3.13 0 0.0 0 442
1014 442 3.13 0 0.0 0 442
1016 442 3.13 0 0.0 0 442
1018 442 3.13 0 0.0 0 442
1020 442 3.13 0 0.0 0 442
1022 442 3.13 0 0.0 0 442
1024 442 3.13 0 0.0 0 442
1026 442 3.13 0 0.0 0 442
1028 442 3.13 0 0.0 0 442
1030 442 3.13 0 0.0 0 442
1032 442 3.13 0 0.0 0 442
1034 442 3.13 0 0.0 0 442
1036 442 3.13 0 0.0 0 442
1038 442 3.13 0 0.0 0 442
1040 442 3.13 0 0.0 0 442
1042 442 3.13 0 0.0 0 442
1044 442 3.13 0 0.0 0 442
1046 442 3.13 0 0.0 0 442
1048 442 3.13 0 0.0 0 442
1050 442 3.13 0 0.0 0 442
1052 442 3.13 0 0.0 0 442
1054 442 3.13 0 0.0 0 442
1056 442 3.13 0 0.0 0 442
1058 442 3.13 0 0.0 0 442
1060 442 3.13 0 0.0 0 442
1062 442 3.13 0 0.0 0 442
1064 442 3.13 0 0.0 0 442
1066 442 3.13 0 0.0 0 442
1068 442 3.13 0 0.0 0 442
1070 442 3.13 0 0.0 0 442
1072 442 3.13 0 0.0 0 442
1074 442 3.13 0 0.0 0 442
1076 442 3.13 0 0.0 0 442
1078 442 3.13 0 0.0 0 442
1080 442 3.13 0 0.0 0 442
1082 442 3.13 0 0.0 0 442
1084 442 3.13 0 0.0 0 442
1086 442 3.13 0 0.0 0 442
1088 442 3.13 0 0.0 0 442
1090 442 3.13 0 0.0 0 442
1092 442 3.13 0 0.0 0 442
1094 442 3.13 0 0.0 0 442
1096 442 3.13 0 0.0 0 442
1098 442 3.13 0 0.0 0 442
1100 442 3.13 0 0.0 0 442
1102 442 3.13 0 0.0 0 442
1104 442 3.13 0 0.0 0 442
1106 442 3.13 0 0.0 0 442
1108 442 3.13 0 0.0 0 442
1110 442 3.13 0 0.0 0 442
1112 442 3.13 0 0.0 0 442
1114 442 3.13 0 0.0 0 442
1116 442 3.13 0 0.0 0 442
1118 442 3.13 0 0.0 0 442
1120 442 3.13 0 0.0 0 442
1122 442 3.13 0 0.0 0 442
1124 442 3.13 0 0.0 0 442
1126 442 3.13 0 0.0 0 442
1128 442 3.13 0 0.0 0 442
1130 442 3.13 0 0.0 0 442
1132 442 3.13 0 0.0 0 442
1134 442 3.13 0 0.0 0 442
1136 442 3.13 0 0.0 0 442
1138 442 3.13 0 0.0 0 442
1140 442 3.13 0 0.0 0 442
1142 442 3.13 0 0.0 0 442
1144 442 3.13 0 0.0 0 442
1146 442 3.13 0 0.0 0 442
1148 442 3.13 0 0.0 0 442
1150 442 3.13 0 0.0 0 442
1152 442 3.13 0 0.0 0 442
1154 442 3.13 0 0.0 0 442
1156 442 3.13 0 0.0 0 442
1158 442 3.13 0 0.0 0 442
1160 442 3.13 0 0.0 0 442
1162 442 3.13 0 0.0 0 442
1164 442 3.13 0 0.0 0 442
1166 442 3.13 0 0.0 0 442
1168 442 3.13 0 0.0 0 442
1170 442 3.13 0 0.0 0 442
1172 442 3.13 0 0.0 0 442
1174 442 3.13 0 0.0 0 442
1176 442 3.13 0 0.0 0 442
1178 442 3.13 0 0.0 0 442
1180 442 3.13 0 0.0 0 442
1182 442 3.13 0 0.0 0 442
1184 442 3.13 0 0.0 0 442
1186 442 3.13 0 0.0 0 442
1188 442 3.13 0 0.0 0 442
1190 442 3.13 0 0.0 0 442
1192 442 3.13 0 0.0 0 442
1194 442 3.13 0 0.0 0 442
1196 442 3.13 0 0.0 0 442
1198 442 3.13 0 0.0 0 442
1200 442 3.13 0 0.0 0 442
1202 442 3.13 0 0.0 0 442
1204 442 3.13 0 0.0 0 442
1206 442 3.13 0 0.0 0 442
1208 442 3.13 0 0.0 0 442
1210 442 3.13 0 0.0 0 442
1212 442 3.13 0 0.0 0 442
1214 442 3.13 0 0.0 0 442
1216 442 3.13 0 0.0 0 442
1218 442 3.13 0 0.0 0 442
1220 442 3.13 0 0.0 0 442
1222 442 3.13 0 0.0 0 442
1224 442 3.13 0 0.0 0 442
1226 442 3.13 0 0.0 0 442
1228 442 3.13 0 0.0 0 442
1230 442 3.13 0 0.0 0 442
1232 442 3.13 0 0.0 0 442
1234 442 3.13 0 0.0 0 442
1236 442 3.13 0 0.0 0 442
1238 442 3.13 0 0.0 0 442
1240 442 3.13 0 0.0 0 442
1242 442 3.13 0 0.0 0 442
1244 442 3.13 0 0.0 0 442
1246 442 3.13 0 0.0 0 442
1248 442 3.13 0 0.0 0 442
1250 442 3.13 0 0.0 0 442
1252 442 3.13 0 0.0 0 442
1254 442 3.13 0 0.0 0 442
1256 442 3.13 0 0.0 0 442
1258 442 3.13 0 0.0 0 442
1260 442 3.13 0 0.0 0 442
1262 442 3.13 0 0.0 0 442
1264 442 3.13 0 0.0 0 442
1266 442 3.13 0 0.0 0 442
1268 442 3.13 0 0.0 0 442
1270 442 3.13 0 0.0 0 442
1272 442 3.13 0 0.0 0 442
1274 442 3.13 0 0.0 0 442
1276 442 3.13 0 0.0 0 442
1278 442 3.13 0 0.0 0 442
1280 442 3.13 0 0.0 0 442
1282 442 3.13 0 0.0 0 442
1284 442 3.13 0 0.0 0 442
1286 442 3.13 0 0.0 0 442
1288 442 3.13 0 0.0 0 442
1290 442 3.13 0 0.0 0 442
1292 442 3.13 0 0.0 0 442
1294 442 3.13 0 0.0 0 442
1296 442 3.13 0 0.0 0 442
1298 442 3.13 0 0.0 0 442
1300 442 3.13 0 0.0 0 442
1302 442 3.13 0 0.0 0 442
1304 442 3.13 0 0.0 0 442
1306 442 3.13 0 0.0 0 442
1308 442 3.13 0 0.0 0 442
1310 442 3.13 0 0.0 0 442
1312 442 3.13 0 0.0 0 442
1314 442 3.13 0 0.0 0 442
1316 442 3.13 0 0.0 0 442
1318 442 3.13 0 0.0 0 442
1320 442 3.13 0 0.0 0 442
1322 442 3.13 0 0.0 0 442
1324 442 3.13 0 0.0 0 442
1326 442 3.13 0 0.0 0 442
1328 442 3.13 0 0.0 0 442
1330 442 3.13 0 0.0 0 442
1332 442 3.13 0 0.0 0 442
1334 442 3.13 0 0.0 0 442
1336 442 3.13 0 0.0 0 442
1338 442 3.13 0 0.0 0 442
1340 442 3.13 0 0.0 0 442
1342 442 3.13 0 0.0 0 442
1344 442 3.13 0 0.0 0 442
1346 442 3.13 0 0.0 0 442
1348 442 3.13 0 0.0 0 442
1350 442 3.13 0 0.0 0 442
1352 442 3.13 0 0.0 0 442
1354 442 3.13 0 0.0 0 442
1356 442 3.13 0 0.0 0 442
1358 442 3.13 0 0.0 0 442
1360 442 3.13 0 0.0 0 442
1362 442 3.13 0 0.0 0 442
1364 442 3.13 0 0.0 0 442
1366 442 3.13 0 0.0 0 442
1368 442 3.13 0 0.0 0 442
1370 442 3.13 0 0.0 0 442
1372 442 3.13 0 0.0 0 442
1374 442 3.13 0 0.0 0 442
1376 442 3.13 0 0.0 0 442
1378 442 3.13 0 0.0 0 442
1380 442 3.13 0 0.0 0 442
1382 442 3.13 0 0.0 0 442
1384 442 3.13 0 0.0 0 442
1386 442 3.13 0 0.0 0 442
1388 442 3.13 0 0.0 0 442
1390 442 3.13 0 0.0 0 442
1392 442 3.13 0 0.0 0 442
1394 442 3.13 0 0.0 0 442
1396 442 3.13 0 0.0 0 442
1398 442 3.13 0 0.0 0 442
1400 442 3.13 0 0.0 0 442
1402 442 3.13 0 0.0 0 442
1404 442 3.13 0 0.0 0 442
1406 442 3.13 0 0.0 0 442
1408 442 3.13 0 0.0 0 442
1410 442 3.13 0 0.0 0 442
1412 442 3.13 0 0.0 0 442
1414 442 3.13 0 0.0 0 442
1416 442 3.13 0 0.0 0 442
1418 442 3.13 0 0.0 0 442
1420 442 3.13 0 0.0 0 442
1422 442 3.13 0 0.0 0 442
1424 441 3.13 0 0.0 1 442
1426 441 3.13 0 0.0 1 441
1428 441 3.13 0 0.0 1 441
1430 441 3.13 0 0.0 1 441
1432 441 3.13 0 0.0 1 441
1434 441 3.13 0 0.0 1 441
1436 441 3.13 0 0.0 1 441
1438 441 3.13 0 0.0 1 441
1440 441 3.13 0 0.0 1 441
