Time PAO1_Count PAO1_Conc Acetate_Count Acetate_Conc PAO1_Died bacteria_couldn't_eat
0 4 0.02 77081 2.4 0 0
2 4 0.02 77081 2.4 0 0
4 4 0.02 77061 2.4 0 0
6 4 0.02 77041 2.4 0 0
8 4 0.02 77021 2.4 0 0
10 4 0.02 77001 2.4 0 0
12 4 0.02 76978 2.4 0 0
14 4 0.02 76955 2.4 0 0
16 4 0.02 76931 2.4 0 0
18 4 0.02 76906 2.39 0 0
20 4 0.02 76882 2.39 0 0
22 4 0.03 76858 2.39 0 0
24 4 0.03 76830 2.39 0 0
26 4 0.03 76805 2.39 0 0
28 4 0.03 76776 2.39 0 0
30 4 0.03 76747 2.39 0 0
32 4 0.03 76718 2.39 0 0
34 4 0.03 76688 2.39 0 0
36 4 0.03 76656 2.39 0 0
38 4 0.03 76623 2.39 0 0
40 4 0.03 76590 2.38 0 0
42 4 0.03 76556 2.38 0 0
44 4 0.03 76520 2.38 0 0
46 4 0.03 76482 2.38 0 0
48 4 0.04 76444 2.38 0 0
50 4 0.04 76407 2.38 0 0
52 4 0.04 76370 2.38 0 0
54 8 0.04 76330 2.38 0 0
56 8 0.04 76287 2.37 0 0
58 8 0.04 76244 2.37 0 0
60 8 0.04 76201 2.37 0 0
62 8 0.04 76157 2.37 0 0
64 8 0.04 76112 2.37 0 0
66 8 0.05 76064 2.37 0 0
68 8 0.05 76018 2.37 0 0
70 8 0.05 75969 2.36 0 0
72 8 0.05 75919 2.36 0 0
74 8 0.05 75867 2.36 0 0
76 8 0.05 75812 2.36 0 0
78 8 0.05 75757 2.36 0 0
80 8 0.05 75700 2.36 0 0
82 8 0.06 75638 2.35 0 0
84 8 0.06 75577 2.35 0 0
86 8 0.06 75516 2.35 0 0
88 8 0.06 75454 2.35 0 0
90 8 0.06 75387 2.35 0 0
92 8 0.06 75319 2.34 0 0
94 8 0.07 75249 2.34 0 0
96 8 0.07 75178 2.34 0 0
98 8 0.07 75105 2.34 0 0
100 8 0.07 75031 2.33 0 0
102 8 0.07 74954 2.33 0 0
104 8 0.08 74874 2.33 0 0
106 16 0.08 74789 2.33 0 0
108 16 0.08 74707 2.32 0 0
110 16 0.08 74622 2.32 0 0
112 16 0.08 74533 2.32 0 0
114 16 0.09 74443 2.32 0 0
116 16 0.09 74347 2.31 0 0
118 16 0.09 74253 2.31 0 0
120 16 0.09 74153 2.31 0 0
122 16 0.1 74053 2.3 0 0
124 16 0.1 73952 2.3 0 0
126 16 0.1 73849 2.3 0 0
128 16 0.1 73736 2.29 0 0
130 16 0.11 73623 2.29 0 0
132 16 0.11 73510 2.29 0 0
134 16 0.11 73394 2.28 0 0
136 16 0.12 73277 2.28 0 0
138 16 0.12 73155 2.28 0 0
140 16 0.12 73029 2.27 0 0
142 16 0.13 72895 2.27 0 0
144 16 0.13 72756 2.26 0 0
146 16 0.13 72617 2.26 0 0
148 16 0.14 72473 2.25 0 0
150 16 0.14 72326 2.25 0 0
152 16 0.14 72175 2.24 0 0
154 16 0.15 72019 2.24 0 0
156 16 0.15 71857 2.23 0 0
158 32 0.16 71696 2.23 0 0
160 32 0.16 71525 2.22 0 0
162 32 0.16 71352 2.22 0 0
164 32 0.17 71174 2.21 0 0
166 32 0.17 70989 2.21 0 0
168 32 0.18 70801 2.2 0 0
170 32 0.18 70612 2.2 0 0
172 32 0.19 70414 2.19 0 0
174 32 0.19 70211 2.18 0 0
176 32 0.2 69995 2.18 0 0
178 32 0.2 69783 2.17 0 0
180 32 0.21 69568 2.16 0 0
182 32 0.21 69344 2.16 0 0
184 32 0.22 69111 2.15 0 0
186 32 0.23 68868 2.14 0 0
188 32 0.23 68626 2.13 0 0
190 32 0.24 68378 2.13 0 0
192 32 0.24 68118 2.12 0 0
194 32 0.25 67849 2.11 0 0
196 32 0.26 67576 2.1 0 0
198 32 0.27 67295 2.09 0 0
200 32 0.27 67008 2.08 0 0
202 32 0.28 66717 2.07 0 0
204 32 0.29 66410 2.06 0 0
206 32 0.3 66100 2.05 0 0
208 32 0.3 65772 2.04 0 0
210 64 0.31 65444 2.03 0 0
212 64 0.32 65113 2.02 0 0
214 64 0.33 64766 2.01 0 0
216 64 0.34 64403 2.0 0 0
218 64 0.35 64046 1.99 0 0
220 64 0.36 63666 1.98 0 0
222 64 0.37 63276 1.97 0 0
224 64 0.38 62882 1.95 0 0
226 64 0.39 62474 1.94 0 0
228 64 0.4 62063 1.93 0 0
230 64 0.41 61630 1.91 0 0
232 64 0.42 61189 1.9 0 0
234 64 0.43 60731 1.89 0 0
236 64 0.44 60265 1.87 0 0
238 64 0.45 59787 1.86 0 0
240 64 0.46 59299 1.84 0 0
242 64 0.48 58794 1.83 0 0
244 64 0.49 58276 1.81 0 0
246 64 0.5 57747 1.79 0 0
248 64 0.52 57193 1.78 0 0
250 64 0.53 56634 1.76 0 0
252 64 0.55 56049 1.74 0 0
254 64 0.56 55457 1.72 0 0
256 64 0.58 54847 1.7 0 0
258 64 0.59 54212 1.68 0 0
260 64 0.61 53563 1.66 0 0
262 128 0.62 52904 1.64 0 0
264 128 0.64 52222 1.62 0 0
266 128 0.66 51524 1.6 0 0
268 128 0.68 50813 1.58 0 0
270 128 0.69 50075 1.56 0 0
272 128 0.71 49322 1.53 0 0
274 128 0.73 48551 1.51 0 0
276 128 0.75 47759 1.48 0 0
278 128 0.77 46933 1.46 0 0
280 128 0.79 46094 1.43 0 0
282 128 0.81 45231 1.4 0 0
284 128 0.84 44341 1.38 0 0
286 128 0.86 43433 1.35 0 0
288 128 0.88 42500 1.32 0 0
290 128 0.91 41535 1.29 0 0
292 128 0.93 40552 1.26 0 0
294 128 0.96 39549 1.23 0 0
296 128 0.98 38506 1.19 0 0
298 128 1.01 37444 1.16 0 0
300 128 1.04 36364 1.13 0 0
302 128 1.06 35242 1.09 0 0
304 128 1.09 34084 1.06 0 0
306 128 1.12 32896 1.02 0 0
308 128 1.15 31670 0.98 0 0
310 128 1.18 30416 0.94 0 0
312 128 1.22 29119 0.9 0 0
314 256 1.25 27798 0.86 0 0
316 256 1.28 26437 0.82 0 0
318 256 1.32 25038 0.77 0 0
320 256 1.35 23609 0.73 0 0
322 256 1.39 22137 0.68 0 0
324 256 1.43 20635 0.64 0 0
326 256 1.47 19073 0.59 0 0
328 256 1.5 17467 0.54 0 0
330 256 1.55 15843 0.49 0 0
332 256 1.59 14160 0.44 0 0
334 256 1.63 12466 0.38 0 3
336 256 1.67 10690 0.33 0 0
338 256 1.72 8908 0.27 0 1
340 256 1.76 7179 0.22 0 6
342 256 1.8 5504 0.17 0 11
344 256 1.84 4149 0.13 0 36
346 256 1.87 3080 0.09 0 58
348 256 1.89 2194 0.07 0 93
350 256 1.91 1428 0.04 0 112
352 256 1.93 803 0.02 0 123
354 256 1.95 378 0.01 0 149
356 256 1.96 119 0.0 0 172
358 256 1.96 16 0.0 0 206
360 256 1.96 0 0.0 0 243
362 256 1.96 0 0.0 0 256
364 256 1.96 0 0.0 0 256
366 256 1.96 0 0.0 0 256
368 256 1.96 0 0.0 0 256
370 256 1.96 0 0.0 0 256
372 256 1.96 0 0.0 0 256
374 256 1.96 0 0.0 0 256
376 256 1.96 0 0.0 0 256
378 256 1.96 0 0.0 0 256
380 256 1.96 0 0.0 0 256
382 256 1.96 0 0.0 0 256
384 256 1.96 0 0.0 0 256
386 256 1.96 0 0.0 0 256
388 256 1.96 0 0.0 0 256
390 256 1.96 0 0.0 0 256
392 256 1.96 0 0.0 0 256
394 256 1.96 0 0.0 0 256
396 256 1.96 0 0.0 0 256
398 256 1.96 0 0.0 0 256
400 256 1.96 0 0.0 0 256
402 256 1.96 0 0.0 0 256
404 256 1.96 0 0.0 0 256
406 256 1.96 0 0.0 0 256
408 256 1.96 0 0.0 0 256
410 256 1.96 0 0.0 0 256
412 256 1.96 0 0.0 0 256
414 256 1.96 0 0.0 0 256
416 256 1.96 0 0.0 0 256
418 256 1.96 0 0.0 0 256
420 256 1.96 0 0.0 0 256
422 256 1.96 0 0.0 0 256
424 256 1.96 0 0.0 0 256
426 256 1.96 0 0.0 0 256
428 256 1.96 0 0.0 0 256
430 256 1.96 0 0.0 0 256
432 256 1.96 0 0.0 0 256
434 256 1.96 0 0.0 0 256
436 256 1.96 0 0.0 0 256
438 256 1.96 0 0.0 0 256
440 256 1.96 0 0.0 0 256
442 256 1.96 0 0.0 0 256
444 256 1.96 0 0.0 0 256
446 256 1.96 0 0.0 0 256
448 256 1.96 0 0.0 0 256
450 256 1.96 0 0.0 0 256
452 256 1.96 0 0.0 0 256
454 256 1.96 0 0.0 0 256
456 256 1.96 0 0.0 0 256
458 256 1.96 0 0.0 0 256
460 256 1.96 0 0.0 0 256
462 256 1.96 0 0.0 0 256
464 256 1.96 0 0.0 0 256
466 256 1.96 0 0.0 0 256
468 256 1.96 0 0.0 0 256
470 256 1.96 0 0.0 0 256
472 256 1.96 0 0.0 0 256
474 256 1.96 0 0.0 0 256
476 256 1.96 0 0.0 0 256
478 256 1.96 0 0.0 0 256
480 256 1.96 0 0.0 0 256
482 256 1.96 0 0.0 0 256
484 256 1.96 0 0.0 0 256
486 256 1.96 0 0.0 0 256
488 256 1.96 0 0.0 0 256
490 256 1.96 0 0.0 0 256
492 256 1.96 0 0.0 0 256
494 256 1.96 0 0.0 0 256
496 256 1.96 0 0.0 0 256
498 256 1.96 0 0.0 0 256
500 256 1.96 0 0.0 0 256
502 256 1.96 0 0.0 0 256
504 256 1.96 0 0.0 0 256
506 256 1.96 0 0.0 0 256
508 256 1.96 0 0.0 0 256
510 256 1.96 0 0.0 0 256
512 256 1.96 0 0.0 0 256
514 256 1.96 0 0.0 0 256
516 256 1.96 0 0.0 0 256
518 256 1.96 0 0.0 0 256
520 256 1.96 0 0.0 0 256
522 256 1.96 0 0.0 0 256
524 256 1.96 0 0.0 0 256
526 256 1.96 0 0.0 0 256
528 256 1.96 0 0.0 0 256
530 256 1.96 0 0.0 0 256
532 256 1.96 0 0.0 0 256
534 256 1.96 0 0.0 0 256
536 256 1.96 0 0.0 0 256
538 256 1.96 0 0.0 0 256
540 256 1.96 0 0.0 0 256
542 256 1.96 0 0.0 0 256
544 256 1.96 0 0.0 0 256
546 256 1.96 0 0.0 0 256
548 256 1.96 0 0.0 0 256
550 256 1.96 0 0.0 0 256
552 256 1.96 0 0.0 0 256
554 256 1.96 0 0.0 0 256
556 256 1.96 0 0.0 0 256
558 256 1.96 0 0.0 0 256
560 256 1.96 0 0.0 0 256
562 256 1.96 0 0.0 0 256
564 256 1.96 0 0.0 0 256
566 256 1.96 0 0.0 0 256
568 256 1.96 0 0.0 0 256
570 256 1.96 0 0.0 0 256
572 256 1.96 0 0.0 0 256
574 256 1.96 0 0.0 0 256
576 256 1.96 0 0.0 0 256
578 256 1.96 0 0.0 0 256
580 256 1.96 0 0.0 0 256
582 256 1.96 0 0.0 0 256
584 256 1.96 0 0.0 0 256
586 256 1.96 0 0.0 0 256
588 256 1.96 0 0.0 0 256
590 256 1.96 0 0.0 0 256
592 256 1.96 0 0.0 0 256
594 256 1.96 0 0.0 0 256
596 256 1.96 0 0.0 0 256
598 256 1.96 0 0.0 0 256
600 256 1.96 0 0.0 0 256
602 256 1.96 0 0.0 0 256
604 256 1.96 0 0.0 0 256
606 256 1.96 0 0.0 0 256
608 256 1.96 0 0.0 0 256
610 256 1.96 0 0.0 0 256
612 256 1.96 0 0.0 0 256
614 256 1.96 0 0.0 0 256
616 256 1.96 0 0.0 0 256
618 256 1.96 0 0.0 0 256
620 256 1.96 0 0.0 0 256
622 256 1.96 0 0.0 0 256
624 256 1.96 0 0.0 0 256
626 256 1.96 0 0.0 0 256
628 256 1.96 0 0.0 0 256
630 256 1.96 0 0.0 0 256
632 256 1.96 0 0.0 0 256
634 256 1.96 0 0.0 0 256
636 256 1.96 0 0.0 0 256
638 256 1.96 0 0.0 0 256
640 256 1.96 0 0.0 0 256
642 256 1.96 0 0.0 0 256
644 256 1.96 0 0.0 0 256
646 256 1.96 0 0.0 0 256
648 256 1.96 0 0.0 0 256
650 256 1.96 0 0.0 0 256
652 256 1.96 0 0.0 0 256
654 256 1.96 0 0.0 0 256
656 256 1.96 0 0.0 0 256
658 256 1.96 0 0.0 0 256
660 256 1.96 0 0.0 0 256
662 256 1.96 0 0.0 0 256
664 256 1.96 0 0.0 0 256
666 256 1.96 0 0.0 0 256
668 256 1.96 0 0.0 0 256
670 256 1.96 0 0.0 0 256
672 256 1.96 0 0.0 0 256
674 256 1.96 0 0.0 0 256
676 256 1.96 0 0.0 0 256
678 256 1.96 0 0.0 0 256
680 256 1.96 0 0.0 0 256
682 256 1.96 0 0.0 0 256
684 256 1.96 0 0.0 0 256
686 256 1.96 0 0.0 0 256
688 256 1.96 0 0.0 0 256
690 256 1.96 0 0.0 0 256
692 256 1.96 0 0.0 0 256
694 256 1.96 0 0.0 0 256
696 256 1.96 0 0.0 0 256
698 256 1.96 0 0.0 0 256
700 256 1.96 0 0.0 0 256
702 256 1.96 0 0.0 0 256
704 256 1.96 0 0.0 0 256
706 256 1.96 0 0.0 0 256
708 256 1.96 0 0.0 0 256
710 256 1.96 0 0.0 0 256
712 256 1.96 0 0.0 0 256
714 256 1.96 0 0.0 0 256
716 256 1.96 0 0.0 0 256
718 256 1.96 0 0.0 0 256
720 256 1.96 0 0.0 0 256
722 256 1.96 0 0.0 0 256
724 256 1.96 0 0.0 0 256
726 256 1.96 0 0.0 0 256
728 256 1.96 0 0.0 0 256
730 256 1.96 0 0.0 0 256
732 256 1.96 0 0.0 0 256
734 256 1.96 0 0.0 0 256
736 256 1.96 0 0.0 0 256
738 256 1.96 0 0.0 0 256
740 256 1.96 0 0.0 0 256
742 256 1.96 0 0.0 0 256
744 256 1.96 0 0.0 0 256
746 256 1.96 0 0.0 0 256
748 256 1.96 0 0.0 0 256
750 256 1.96 0 0.0 0 256
752 256 1.96 0 0.0 0 256
754 256 1.96 0 0.0 0 256
756 256 1.96 0 0.0 0 256
758 256 1.96 0 0.0 0 256
760 256 1.96 0 0.0 0 256
762 256 1.96 0 0.0 0 256
764 256 1.96 0 0.0 0 256
766 256 1.96 0 0.0 0 256
768 256 1.96 0 0.0 0 256
770 256 1.96 0 0.0 0 256
772 256 1.96 0 0.0 0 256
774 256 1.96 0 0.0 0 256
776 256 1.96 0 0.0 0 256
778 256 1.96 0 0.0 0 256
780 256 1.96 0 0.0 0 256
782 256 1.96 0 0.0 0 256
784 256 1.96 0 0.0 0 256
786 256 1.96 0 0.0 0 256
788 256 1.96 0 0.0 0 256
790 256 1.96 0 0.0 0 256
792 256 1.96 0 0.0 0 256
794 256 1.96 0 0.0 0 256
796 256 1.96 0 0.0 0 256
798 256 1.96 0 0.0 0 256
800 256 1.96 0 0.0 0 256
802 256 1.96 0 0.0 0 256
804 256 1.96 0 0.0 0 256
806 256 1.96 0 0.0 0 256
808 256 1.96 0 0.0 0 256
810 256 1.96 0 0.0 0 256
812 256 1.96 0 0.0 0 256
814 256 1.96 0 0.0 0 256
816 256 1.96 0 0.0 0 256
818 256 1.96 0 0.0 0 256
820 256 1.96 0 0.0 0 256
822 256 1.96 0 0.0 0 256
824 256 1.96 0 0.0 0 256
826 256 1.96 0 0.0 0 256
828 256 1.96 0 0.0 0 256
830 256 1.96 0 0.0 0 256
832 256 1.96 0 0.0 0 256
834 256 1.96 0 0.0 0 256
836 256 1.96 0 0.0 0 256
838 256 1.96 0 0.0 0 256
840 256 1.96 0 0.0 0 256
842 256 1.96 0 0.0 0 256
844 256 1.96 0 0.0 0 256
846 256 1.96 0 0.0 0 256
848 256 1.96 0 0.0 0 256
850 256 1.96 0 0.0 0 256
852 256 1.96 0 0.0 0 256
854 256 1.96 0 0.0 0 256
856 256 1.96 0 0.0 0 256
858 256 1.96 0 0.0 0 256
860 256 1.96 0 0.0 0 256
862 256 1.96 0 0.0 0 256
864 256 1.96 0 0.0 0 256
866 256 1.96 0 0.0 0 256
868 256 1.96 0 0.0 0 256
870 256 1.96 0 0.0 0 256
872 256 1.96 0 0.0 0 256
874 256 1.96 0 0.0 0 256
876 256 1.96 0 0.0 0 256
878 256 1.96 0 0.0 0 256
880 256 1.96 0 0.0 0 256
882 256 1.96 0 0.0 0 256
884 256 1.96 0 0.0 0 256
886 256 1.96 0 0.0 0 256
888 256 1.96 0 0.0 0 256
890 256 1.96 0 0.0 0 256
892 256 1.96 0 0.0 0 256
894 256 1.96 0 0.0 0 256
896 256 1.96 0 0.0 0 256
898 256 1.96 0 0.0 0 256
900 256 1.96 0 0.0 0 256
902 256 1.96 0 0.0 0 256
904 256 1.96 0 0.0 0 256
906 256 1.96 0 0.0 0 256
908 256 1.96 0 0.0 0 256
910 256 1.96 0 0.0 0 256
912 256 1.96 0 0.0 0 256
914 256 1.96 0 0.0 0 256
916 256 1.96 0 0.0 0 256
918 256 1.96 0 0.0 0 256
920 256 1.96 0 0.0 0 256
922 256 1.96 0 0.0 0 256
924 256 1.96 0 0.0 0 256
926 256 1.96 0 0.0 0 256
928 256 1.96 0 0.0 0 256
930 256 1.96 0 0.0 0 256
932 256 1.96 0 0.0 0 256
934 256 1.96 0 0.0 0 256
936 256 1.96 0 0.0 0 256
938 256 1.96 0 0.0 0 256
940 256 1.96 0 0.0 0 256
942 256 1.96 0 0.0 0 256
944 256 1.96 0 0.0 0 256
946 256 1.96 0 0.0 0 256
948 256 1.96 0 0.0 0 256
950 256 1.96 0 0.0 0 256
952 256 1.96 0 0.0 0 256
954 256 1.96 0 0.0 0 256
956 256 1.96 0 0.0 0 256
958 256 1.96 0 0.0 0 256
960 256 1.96 0 0.0 0 256
962 256 1.96 0 0.0 0 256
964 256 1.96 0 0.0 0 256
966 256 1.96 0 0.0 0 256
968 256 1.96 0 0.0 0 256
970 256 1.96 0 0.0 0 256
972 256 1.96 0 0.0 0 256
974 256 1.96 0 0.0 0 256
976 256 1.96 0 0.0 0 256
978 256 1.96 0 0.0 0 256
980 256 1.96 0 0.0 0 256
982 256 1.96 0 0.0 0 256
984 256 1.96 0 0.0 0 256
986 256 1.96 0 0.0 0 256
988 256 1.96 0 0.0 0 256
990 256 1.96 0 0.0 0 256
992 256 1.96 0 0.0 0 256
994 256 1.96 0 0.0 0 256
996 256 1.96 0 0.0 0 256
998 256 1.96 0 0.0 0 256
1000 256 1.96 0 0.0 0 256
1002 256 1.96 0 0.0 0 256
1004 256 1.96 0 0.0 0 256
1006 256 1.96 0 0.0 0 256
1008 256 1.96 0 0.0 0 256
1010 256 1.96 0 0.0 0 256
1012 256 1.96 0 0.0 0 256
1014 256 1.96 0 0.0 0 256
1016 256 1.96 0 0.0 0 256
1018 256 1.96 0 0.0 0 256
1020 256 1.96 0 0.0 0 256
1022 256 1.96 0 0.0 0 256
1024 256 1.96 0 0.0 0 256
1026 256 1.96 0 0.0 0 256
1028 256 1.96 0 0.0 0 256
1030 256 1.96 0 0.0 0 256
1032 256 1.96 0 0.0 0 256
1034 256 1.96 0 0.0 0 256
1036 256 1.96 0 0.0 0 256
1038 256 1.96 0 0.0 0 256
1040 256 1.96 0 0.0 0 256
1042 256 1.96 0 0.0 0 256
1044 256 1.96 0 0.0 0 256
1046 256 1.96 0 0.0 0 256
1048 256 1.96 0 0.0 0 256
1050 256 1.96 0 0.0 0 256
1052 256 1.96 0 0.0 0 256
1054 256 1.96 0 0.0 0 256
1056 256 1.96 0 0.0 0 256
1058 256 1.96 0 0.0 0 256
1060 256 1.96 0 0.0 0 256
1062 256 1.96 0 0.0 0 256
1064 256 1.96 0 0.0 0 256
1066 256 1.96 0 0.0 0 256
1068 256 1.96 0 0.0 0 256
1070 256 1.96 0 0.0 0 256
1072 256 1.96 0 0.0 0 256
1074 256 1.96 0 0.0 0 256
1076 256 1.96 0 0.0 0 256
1078 256 1.96 0 0.0 0 256
1080 256 1.96 0 0.0 0 256
1082 256 1.96 0 0.0 0 256
1084 256 1.96 0 0.0 0 256
1086 256 1.96 0 0.0 0 256
1088 256 1.96 0 0.0 0 256
1090 256 1.96 0 0.0 0 256
1092 256 1.96 0 0.0 0 256
1094 256 1.96 0 0.0 0 256
1096 256 1.96 0 0.0 0 256
1098 256 1.96 0 0.0 0 256
1100 256 1.96 0 0.0 0 256
1102 256 1.96 0 0.0 0 256
1104 256 1.96 0 0.0 0 256
1106 256 1.96 0 0.0 0 256
1108 256 1.96 0 0.0 0 256
1110 256 1.96 0 0.0 0 256
1112 256 1.96 0 0.0 0 256
1114 256 1.96 0 0.0 0 256
1116 256 1.96 0 0.0 0 256
1118 256 1.96 0 0.0 0 256
1120 256 1.96 0 0.0 0 256
1122 256 1.96 0 0.0 0 256
1124 256 1.96 0 0.0 0 256
1126 256 1.96 0 0.0 0 256
1128 256 1.96 0 0.0 0 256
1130 256 1.96 0 0.0 0 256
1132 256 1.96 0 0.0 0 256
1134 256 1.96 0 0.0 0 256
1136 256 1.96 0 0.0 0 256
1138 256 1.96 0 0.0 0 256
1140 256 1.96 0 0.0 0 256
1142 256 1.96 0 0.0 0 256
1144 256 1.96 0 0.0 0 256
1146 256 1.96 0 0.0 0 256
1148 256 1.96 0 0.0 0 256
1150 256 1.96 0 0.0 0 256
1152 256 1.96 0 0.0 0 256
1154 256 1.96 0 0.0 0 256
1156 256 1.96 0 0.0 0 256
1158 256 1.96 0 0.0 0 256
1160 256 1.96 0 0.0 0 256
1162 256 1.96 0 0.0 0 256
1164 256 1.96 0 0.0 0 256
1166 256 1.96 0 0.0 0 256
1168 256 1.96 0 0.0 0 256
1170 256 1.96 0 0.0 0 256
1172 256 1.96 0 0.0 0 256
1174 256 1.96 0 0.0 0 256
1176 256 1.96 0 0.0 0 256
1178 256 1.96 0 0.0 0 256
1180 256 1.96 0 0.0 0 256
1182 256 1.96 0 0.0 0 256
1184 256 1.96 0 0.0 0 256
1186 256 1.96 0 0.0 0 256
1188 256 1.96 0 0.0 0 256
1190 256 1.96 0 0.0 0 256
1192 256 1.96 0 0.0 0 256
1194 256 1.96 0 0.0 0 256
1196 256 1.96 0 0.0 0 256
1198 256 1.96 0 0.0 0 256
1200 256 1.96 0 0.0 0 256
1202 256 1.96 0 0.0 0 256
1204 256 1.96 0 0.0 0 256
1206 256 1.96 0 0.0 0 256
1208 256 1.96 0 0.0 0 256
1210 256 1.96 0 0.0 0 256
1212 256 1.96 0 0.0 0 256
1214 256 1.96 0 0.0 0 256
1216 256 1.96 0 0.0 0 256
1218 256 1.96 0 0.0 0 256
1220 256 1.96 0 0.0 0 256
1222 256 1.96 0 0.0 0 256
1224 256 1.96 0 0.0 0 256
1226 256 1.96 0 0.0 0 256
1228 256 1.96 0 0.0 0 256
1230 256 1.96 0 0.0 0 256
1232 256 1.96 0 0.0 0 256
1234 256 1.96 0 0.0 0 256
1236 256 1.96 0 0.0 0 256
1238 256 1.96 0 0.0 0 256
1240 256 1.96 0 0.0 0 256
1242 256 1.96 0 0.0 0 256
1244 256 1.96 0 0.0 0 256
1246 256 1.96 0 0.0 0 256
1248 256 1.96 0 0.0 0 256
1250 256 1.96 0 0.0 0 256
1252 256 1.96 0 0.0 0 256
1254 256 1.96 0 0.0 0 256
1256 256 1.96 0 0.0 0 256
1258 256 1.96 0 0.0 0 256
1260 256 1.96 0 0.0 0 256
1262 256 1.96 0 0.0 0 256
1264 256 1.96 0 0.0 0 256
1266 256 1.96 0 0.0 0 256
1268 256 1.96 0 0.0 0 256
1270 256 1.96 0 0.0 0 256
1272 256 1.96 0 0.0 0 256
1274 256 1.96 0 0.0 0 256
1276 256 1.96 0 0.0 0 256
1278 256 1.96 0 0.0 0 256
1280 256 1.96 0 0.0 0 256
1282 256 1.96 0 0.0 0 256
1284 256 1.96 0 0.0 0 256
1286 256 1.96 0 0.0 0 256
1288 256 1.96 0 0.0 0 256
1290 256 1.96 0 0.0 0 256
1292 256 1.96 0 0.0 0 256
1294 256 1.96 0 0.0 0 256
1296 256 1.96 0 0.0 0 256
1298 256 1.96 0 0.0 0 256
1300 256 1.96 0 0.0 0 256
1302 256 1.96 0 0.0 0 256
1304 256 1.96 0 0.0 0 256
1306 256 1.96 0 0.0 0 256
1308 256 1.96 0 0.0 0 256
1310 256 1.96 0 0.0 0 256
1312 256 1.96 0 0.0 0 256
1314 256 1.96 0 0.0 0 256
1316 256 1.96 0 0.0 0 256
1318 256 1.96 0 0.0 0 256
1320 256 1.96 0 0.0 0 256
1322 256 1.96 0 0.0 0 256
1324 256 1.96 0 0.0 0 256
1326 256 1.96 0 0.0 0 256
1328 256 1.96 0 0.0 0 256
1330 256 1.96 0 0.0 0 256
1332 256 1.96 0 0.0 0 256
1334 256 1.96 0 0.0 0 256
1336 256 1.96 0 0.0 0 256
1338 256 1.96 0 0.0 0 256
1340 256 1.96 0 0.0 0 256
1342 256 1.96 0 0.0 0 256
1344 256 1.96 0 0.0 0 256
1346 256 1.96 0 0.0 0 256
1348 256 1.96 0 0.0 0 256
1350 256 1.96 0 0.0 0 256
1352 256 1.96 0 0.0 0 256
1354 256 1.96 0 0.0 0 256
1356 256 1.96 0 0.0 0 256
1358 256 1.96 0 0.0 0 256
1360 256 1.96 0 0.0 0 256
1362 256 1.96 0 0.0 0 256
1364 256 1.96 0 0.0 0 256
1366 256 1.96 0 0.0 0 256
1368 256 1.96 0 0.0 0 256
1370 256 1.96 0 0.0 0 256
1372 256 1.96 0 0.0 0 256
1374 256 1.96 0 0.0 0 256
1376 256 1.96 0 0.0 0 256
1378 256 1.96 0 0.0 0 256
1380 256 1.96 0 0.0 0 256
1382 256 1.96 0 0.0 0 256
1384 256 1.96 0 0.0 0 256
1386 256 1.96 0 0.0 0 256
1388 256 1.96 0 0.0 0 256
1390 256 1.96 0 0.0 0 256
1392 256 1.96 0 0.0 0 256
1394 256 1.96 0 0.0 0 256
1396 256 1.96 0 0.0 0 256
1398 256 1.96 0 0.0 0 256
1400 256 1.96 0 0.0 0 256
1402 256 1.96 0 0.0 0 256
1404 256 1.96 0 0.0 0 256
1406 256 1.96 0 0.0 0 256
1408 256 1.96 0 0.0 0 256
1410 256 1.96 0 0.0 0 256
1412 256 1.96 0 0.0 0 256
1414 256 1.96 0 0.0 0 256
1416 256 1.96 0 0.0 0 256
1418 256 1.96 0 0.0 0 256
1420 256 1.96 0 0.0 0 256
1422 256 1.96 0 0.0 0 256
1424 256 1.96 0 0.0 0 256
1426 256 1.96 0 0.0 0 256
1428 256 1.96 0 0.0 0 256
1430 256 1.96 0 0.0 0 256
1432 256 1.96 0 0.0 0 256
1434 256 1.96 0 0.0 0 256
1436 256 1.96 0 0.0 0 256
1438 256 1.96 0 0.0 0 256
1440 256 1.96 0 0.0 0 256
