Time PAO1_Count PAO1_Conc Acetate_Count Acetate_Conc PAO1_Died bacteria_couldn't_eat
0 4 0.02 77081 2.4 0 0
2 4 0.02 77081 2.4 0 0
4 4 0.02 77062 2.4 0 0
6 4 0.02 77041 2.4 0 0
8 4 0.02 77020 2.4 0 0
10 4 0.02 77000 2.4 0 0
12 4 0.02 76977 2.4 0 0
14 4 0.02 76954 2.39 0 0
16 4 0.02 76930 2.39 0 0
18 4 0.02 76908 2.39 0 0
20 4 0.02 76882 2.39 0 0
22 4 0.03 76858 2.39 0 0
24 4 0.03 76833 2.39 0 0
26 4 0.03 76805 2.39 0 0
28 4 0.03 76776 2.39 0 0
30 4 0.03 76748 2.39 0 0
32 4 0.03 76720 2.39 0 0
34 4 0.03 76693 2.39 0 0
36 4 0.03 76661 2.38 0 0
38 4 0.03 76629 2.38 0 0
40 4 0.03 76597 2.38 0 0
42 4 0.03 76563 2.38 0 0
44 4 0.03 76528 2.38 0 0
46 4 0.03 76492 2.38 0 0
48 4 0.04 76454 2.38 0 0
50 4 0.04 76412 2.38 0 0
52 4 0.04 76373 2.38 0 0
54 8 0.04 76333 2.37 0 0
56 8 0.04 76290 2.37 0 0
58 8 0.04 76250 2.37 0 0
60 8 0.04 76207 2.37 0 0
62 8 0.04 76164 2.37 0 0
64 8 0.04 76119 2.37 0 0
66 8 0.05 76073 2.37 0 0
68 8 0.05 76023 2.36 0 0
70 8 0.05 75972 2.36 0 0
72 8 0.05 75921 2.36 0 0
74 8 0.05 75869 2.36 0 0
76 8 0.05 75817 2.36 0 0
78 8 0.05 75763 2.36 0 0
80 8 0.05 75706 2.35 0 0
82 8 0.06 75649 2.35 0 0
84 8 0.06 75591 2.35 0 0
86 8 0.06 75528 2.35 0 0
88 8 0.06 75466 2.35 0 0
90 8 0.06 75400 2.34 0 0
92 8 0.06 75330 2.34 0 0
94 8 0.07 75263 2.34 0 0
96 8 0.07 75190 2.34 0 0
98 8 0.07 75119 2.34 0 0
100 8 0.07 75044 2.33 0 0
102 8 0.07 74967 2.33 0 0
104 8 0.08 74885 2.33 0 0
106 16 0.08 74805 2.33 0 0
108 16 0.08 74722 2.32 0 0
110 16 0.08 74635 2.32 0 0
112 16 0.08 74547 2.32 0 0
114 16 0.09 74458 2.31 0 0
116 16 0.09 74366 2.31 0 0
118 16 0.09 74270 2.31 0 0
120 16 0.09 74172 2.31 0 0
122 16 0.1 74069 2.3 0 0
124 16 0.1 73964 2.3 0 0
126 16 0.1 73858 2.3 0 0
128 16 0.1 73748 2.29 0 0
130 16 0.11 73634 2.29 0 0
132 16 0.11 73520 2.29 0 0
134 16 0.11 73399 2.28 0 0
136 16 0.12 73281 2.28 0 0
138 16 0.12 73150 2.27 0 0
140 16 0.12 73021 2.27 0 0
142 16 0.13 72886 2.27 0 0
144 16 0.13 72752 2.26 0 0
146 16 0.13 72610 2.26 0 0
148 16 0.14 72471 2.25 0 0
150 16 0.14 72325 2.25 0 0
152 16 0.14 72176 2.24 0 0
154 16 0.15 72021 2.24 0 0
156 16 0.15 71858 2.23 0 0
158 32 0.16 71694 2.23 0 0
160 32 0.16 71530 2.22 0 0
162 32 0.16 71358 2.22 0 0
164 32 0.17 71179 2.21 0 0
166 32 0.17 70998 2.21 0 0
168 32 0.18 70814 2.2 0 0
170 32 0.18 70619 2.19 0 0
172 32 0.19 70424 2.19 0 0
174 32 0.19 70224 2.18 0 0
176 32 0.2 70011 2.18 0 0
178 32 0.2 69795 2.17 0 0
180 32 0.21 69572 2.16 0 0
182 32 0.21 69344 2.15 0 0
184 32 0.22 69105 2.15 0 0
186 32 0.23 68864 2.14 0 0
188 32 0.23 68615 2.13 0 0
190 32 0.24 68360 2.12 0 0
192 32 0.24 68097 2.12 0 0
194 32 0.25 67829 2.11 0 0
196 32 0.26 67556 2.1 0 0
198 32 0.27 67278 2.09 0 0
200 32 0.27 66986 2.08 0 0
202 32 0.28 66686 2.07 0 0
204 32 0.29 66388 2.06 0 0
206 32 0.3 66076 2.05 0 0
208 32 0.3 65754 2.04 0 0
210 64 0.31 65428 2.03 0 0
212 64 0.32 65094 2.02 0 0
214 64 0.33 64747 2.01 0 0
216 64 0.34 64389 2.0 0 0
218 64 0.35 64024 1.99 0 0
220 64 0.36 63652 1.98 0 0
222 64 0.37 63263 1.96 0 0
224 64 0.38 62868 1.95 0 0
226 64 0.39 62454 1.94 0 0
228 64 0.4 62029 1.93 0 0
230 64 0.41 61605 1.91 0 0
232 64 0.42 61169 1.9 0 0
234 64 0.43 60713 1.89 0 0
236 64 0.44 60245 1.87 0 0
238 64 0.45 59764 1.86 0 0
240 64 0.46 59273 1.84 0 0
242 64 0.48 58766 1.82 0 0
244 64 0.49 58241 1.81 0 0
246 64 0.5 57706 1.79 0 0
248 64 0.52 57160 1.77 0 0
250 64 0.53 56593 1.76 0 0
252 64 0.55 56020 1.74 0 0
254 64 0.56 55425 1.72 0 0
256 64 0.58 54813 1.7 0 0
258 64 0.59 54184 1.68 0 0
260 64 0.61 53543 1.66 0 0
262 128 0.62 52878 1.64 0 0
264 128 0.64 52208 1.62 0 0
266 128 0.66 51516 1.6 0 0
268 128 0.68 50801 1.58 0 0
270 128 0.69 50066 1.55 0 0
272 128 0.71 49308 1.53 0 0
274 128 0.73 48533 1.51 0 0
276 128 0.75 47731 1.48 0 0
278 128 0.77 46908 1.46 0 0
280 128 0.79 46066 1.43 0 0
282 128 0.81 45198 1.4 0 0
284 128 0.84 44311 1.37 0 0
286 128 0.86 43405 1.35 0 0
288 128 0.88 42477 1.32 0 0
290 128 0.91 41510 1.29 0 0
292 128 0.93 40516 1.26 0 0
294 128 0.96 39503 1.23 0 0
296 128 0.98 38465 1.19 0 0
298 128 1.01 37400 1.16 0 0
300 128 1.04 36303 1.13 0 0
302 128 1.06 35191 1.09 0 0
304 128 1.09 34029 1.05 0 0
306 128 1.12 32842 1.02 0 0
308 128 1.15 31613 0.98 0 0
310 128 1.18 30359 0.94 0 0
312 128 1.22 29069 0.9 0 0
314 256 1.25 27745 0.86 0 0
316 256 1.28 26381 0.82 0 0
318 256 1.32 24992 0.77 0 0
320 256 1.35 23569 0.73 0 0
322 256 1.39 22099 0.68 0 0
324 256 1.43 20596 0.64 0 0
326 256 1.46 19047 0.59 0 0
328 256 1.5 17442 0.54 0 0
330 256 1.55 15808 0.49 0 0
332 256 1.59 14130 0.43 0 0
334 256 1.63 12406 0.38 0 0
336 256 1.67 10655 0.33 0 1
338 256 1.72 8886 0.27 0 4
340 256 1.76 7175 0.22 0 12
342 256 1.8 5512 0.17 0 15
344 256 1.84 3959 0.12 0 22
346 256 1.88 2587 0.08 0 32
348 256 1.91 1538 0.05 0 64
350 256 1.93 770 0.02 0 80
352 256 1.95 245 0.01 0 108
354 256 1.96 67 0.0 0 165
356 256 1.96 9 0.0 0 216
358 256 1.96 1 0.0 0 249
360 256 1.96 0 0.0 0 255
362 256 1.96 0 0.0 0 256
364 256 1.96 0 0.0 0 256
366 256 1.96 0 0.0 0 256
368 256 1.96 0 0.0 0 256
370 256 1.96 0 0.0 0 256
372 256 1.96 0 0.0 0 256
374 256 1.96 0 0.0 0 256
376 256 1.96 0 0.0 0 256
378 256 1.96 0 0.0 0 256
380 256 1.96 0 0.0 0 256
382 256 1.96 0 0.0 0 256
384 256 1.96 0 0.0 0 256
386 256 1.96 0 0.0 0 256
388 256 1.96 0 0.0 0 256
390 256 1.96 0 0.0 0 256
392 256 1.96 0 0.0 0 256
394 256 1.96 0 0.0 0 256
396 256 1.96 0 0.0 0 256
398 256 1.96 0 0.0 0 256
400 256 1.96 0 0.0 0 256
402 256 1.96 0 0.0 0 256
404 256 1.96 0 0.0 0 256
406 256 1.96 0 0.0 0 256
408 256 1.96 0 0.0 0 256
410 256 1.96 0 0.0 0 256
412 256 1.96 0 0.0 0 256
414 256 1.96 0 0.0 0 256
416 256 1.96 0 0.0 0 256
418 256 1.96 0 0.0 0 256
420 256 1.96 0 0.0 0 256
422 256 1.96 0 0.0 0 256
424 256 1.96 0 0.0 0 256
426 256 1.96 0 0.0 0 256
428 256 1.96 0 0.0 0 256
430 256 1.96 0 0.0 0 256
432 256 1.96 0 0.0 0 256
434 256 1.96 0 0.0 0 256
436 256 1.96 0 0.0 0 256
438 256 1.96 0 0.0 0 256
440 256 1.96 0 0.0 0 256
442 256 1.96 0 0.0 0 256
444 256 1.96 0 0.0 0 256
446 256 1.96 0 0.0 0 256
448 256 1.96 0 0.0 0 256
450 256 1.96 0 0.0 0 256
452 256 1.96 0 0.0 0 256
454 256 1.96 0 0.0 0 256
456 256 1.96 0 0.0 0 256
458 256 1.96 0 0.0 0 256
460 256 1.96 0 0.0 0 256
462 256 1.96 0 0.0 0 256
464 256 1.96 0 0.0 0 256
466 256 1.96 0 0.0 0 256
468 256 1.96 0 0.0 0 256
470 256 1.96 0 0.0 0 256
472 256 1.96 0 0.0 0 256
474 256 1.96 0 0.0 0 256
476 256 1.96 0 0.0 0 256
478 256 1.96 0 0.0 0 256
480 256 1.96 0 0.0 0 256
482 256 1.96 0 0.0 0 256
484 256 1.96 0 0.0 0 256
486 256 1.96 0 0.0 0 256
488 256 1.96 0 0.0 0 256
490 256 1.96 0 0.0 0 256
492 256 1.96 0 0.0 0 256
494 256 1.96 0 0.0 0 256
496 256 1.96 0 0.0 0 256
498 256 1.96 0 0.0 0 256
500 256 1.96 0 0.0 0 256
502 256 1.96 0 0.0 0 256
504 256 1.96 0 0.0 0 256
506 256 1.96 0 0.0 0 256
508 256 1.96 0 0.0 0 256
510 256 1.96 0 0.0 0 256
512 256 1.96 0 0.0 0 256
514 256 1.96 0 0.0 0 256
516 256 1.96 0 0.0 0 256
518 256 1.96 0 0.0 0 256
520 256 1.96 0 0.0 0 256
522 256 1.96 0 0.0 0 256
524 256 1.96 0 0.0 0 256
526 256 1.96 0 0.0 0 256
528 256 1.96 0 0.0 0 256
530 256 1.96 0 0.0 0 256
532 256 1.96 0 0.0 0 256
534 256 1.96 0 0.0 0 256
536 256 1.96 0 0.0 0 256
538 256 1.96 0 0.0 0 256
540 256 1.96 0 0.0 0 256
542 256 1.96 0 0.0 0 256
544 256 1.96 0 0.0 0 256
546 256 1.96 0 0.0 0 256
548 256 1.96 0 0.0 0 256
550 256 1.96 0 0.0 0 256
552 256 1.96 0 0.0 0 256
554 256 1.96 0 0.0 0 256
556 256 1.96 0 0.0 0 256
558 256 1.96 0 0.0 0 256
560 256 1.96 0 0.0 0 256
562 256 1.96 0 0.0 0 256
564 256 1.96 0 0.0 0 256
566 256 1.96 0 0.0 0 256
568 256 1.96 0 0.0 0 256
570 256 1.96 0 0.0 0 256
572 256 1.96 0 0.0 0 256
574 256 1.96 0 0.0 0 256
576 256 1.96 0 0.0 0 256
578 256 1.96 0 0.0 0 256
580 256 1.96 0 0.0 0 256
582 256 1.96 0 0.0 0 256
584 256 1.96 0 0.0 0 256
586 256 1.96 0 0.0 0 256
588 256 1.96 0 0.0 0 256
590 256 1.96 0 0.0 0 256
592 256 1.96 0 0.0 0 256
594 256 1.96 0 0.0 0 256
596 256 1.96 0 0.0 0 256
598 256 1.96 0 0.0 0 256
600 256 1.96 0 0.0 0 256
602 256 1.96 0 0.0 0 256
604 256 1.96 0 0.0 0 256
606 256 1.96 0 0.0 0 256
608 256 1.96 0 0.0 0 256
610 256 1.96 0 0.0 0 256
612 256 1.96 0 0.0 0 256
614 256 1.96 0 0.0 0 256
616 256 1.96 0 0.0 0 256
618 256 1.96 0 0.0 0 256
620 256 1.96 0 0.0 0 256
622 256 1.96 0 0.0 0 256
624 256 1.96 0 0.0 0 256
626 256 1.96 0 0.0 0 256
628 256 1.96 0 0.0 0 256
630 256 1.96 0 0.0 0 256
632 256 1.96 0 0.0 0 256
634 256 1.96 0 0.0 0 256
636 256 1.96 0 0.0 0 256
638 256 1.96 0 0.0 0 256
640 256 1.96 0 0.0 0 256
642 256 1.96 0 0.0 0 256
644 256 1.96 0 0.0 0 256
646 256 1.96 0 0.0 0 256
648 256 1.96 0 0.0 0 256
650 256 1.96 0 0.0 0 256
652 256 1.96 0 0.0 0 256
654 256 1.96 0 0.0 0 256
656 256 1.96 0 0.0 0 256
658 256 1.96 0 0.0 0 256
660 256 1.96 0 0.0 0 256
662 256 1.96 0 0.0 0 256
664 256 1.96 0 0.0 0 256
666 256 1.96 0 0.0 0 256
668 256 1.96 0 0.0 0 256
670 256 1.96 0 0.0 0 256
672 256 1.96 0 0.0 0 256
674 256 1.96 0 0.0 0 256
676 256 1.96 0 0.0 0 256
678 256 1.96 0 0.0 0 256
680 256 1.96 0 0.0 0 256
682 256 1.96 0 0.0 0 256
684 256 1.96 0 0.0 0 256
686 256 1.96 0 0.0 0 256
688 256 1.96 0 0.0 0 256
690 256 1.96 0 0.0 0 256
692 256 1.96 0 0.0 0 256
694 256 1.96 0 0.0 0 256
696 256 1.96 0 0.0 0 256
698 256 1.96 0 0.0 0 256
700 256 1.96 0 0.0 0 256
702 256 1.96 0 0.0 0 256
704 256 1.96 0 0.0 0 256
706 256 1.96 0 0.0 0 256
708 256 1.96 0 0.0 0 256
710 256 1.96 0 0.0 0 256
712 256 1.96 0 0.0 0 256
714 256 1.96 0 0.0 0 256
716 256 1.96 0 0.0 0 256
718 256 1.96 0 0.0 0 256
720 256 1.96 0 0.0 0 256
722 256 1.96 0 0.0 0 256
724 256 1.96 0 0.0 0 256
726 256 1.96 0 0.0 0 256
728 256 1.96 0 0.0 0 256
730 256 1.96 0 0.0 0 256
732 256 1.96 0 0.0 0 256
734 256 1.96 0 0.0 0 256
736 256 1.96 0 0.0 0 256
738 256 1.96 0 0.0 0 256
740 256 1.96 0 0.0 0 256
742 256 1.96 0 0.0 0 256
744 256 1.96 0 0.0 0 256
746 256 1.96 0 0.0 0 256
748 256 1.96 0 0.0 0 256
750 256 1.96 0 0.0 0 256
752 256 1.96 0 0.0 0 256
754 256 1.96 0 0.0 0 256
756 256 1.96 0 0.0 0 256
758 256 1.96 0 0.0 0 256
760 256 1.96 0 0.0 0 256
762 256 1.96 0 0.0 0 256
764 256 1.96 0 0.0 0 256
766 256 1.96 0 0.0 0 256
768 256 1.96 0 0.0 0 256
770 256 1.96 0 0.0 0 256
772 256 1.96 0 0.0 0 256
774 256 1.96 0 0.0 0 256
776 256 1.96 0 0.0 0 256
778 256 1.96 0 0.0 0 256
780 256 1.96 0 0.0 0 256
782 256 1.96 0 0.0 0 256
784 256 1.96 0 0.0 0 256
786 256 1.96 0 0.0 0 256
788 256 1.96 0 0.0 0 256
790 256 1.96 0 0.0 0 256
792 256 1.96 0 0.0 0 256
794 256 1.96 0 0.0 0 256
796 256 1.96 0 0.0 0 256
798 256 1.96 0 0.0 0 256
800 256 1.96 0 0.0 0 256
802 256 1.96 0 0.0 0 256
804 256 1.96 0 0.0 0 256
806 256 1.96 0 0.0 0 256
808 256 1.96 0 0.0 0 256
810 256 1.96 0 0.0 0 256
812 256 1.96 0 0.0 0 256
814 256 1.96 0 0.0 0 256
816 256 1.96 0 0.0 0 256
818 256 1.96 0 0.0 0 256
820 256 1.96 0 0.0 0 256
822 256 1.96 0 0.0 0 256
824 256 1.96 0 0.0 0 256
826 256 1.96 0 0.0 0 256
828 256 1.96 0 0.0 0 256
830 256 1.96 0 0.0 0 256
832 256 1.96 0 0.0 0 256
834 256 1.96 0 0.0 0 256
836 256 1.96 0 0.0 0 256
838 256 1.96 0 0.0 0 256
840 256 1.96 0 0.0 0 256
842 256 1.96 0 0.0 0 256
844 256 1.96 0 0.0 0 256
846 256 1.96 0 0.0 0 256
848 256 1.96 0 0.0 0 256
850 256 1.96 0 0.0 0 256
852 256 1.96 0 0.0 0 256
854 256 1.96 0 0.0 0 256
856 256 1.96 0 0.0 0 256
858 256 1.96 0 0.0 0 256
860 256 1.96 0 0.0 0 256
862 256 1.96 0 0.0 0 256
864 256 1.96 0 0.0 0 256
866 256 1.96 0 0.0 0 256
868 256 1.96 0 0.0 0 256
870 256 1.96 0 0.0 0 256
872 256 1.96 0 0.0 0 256
874 256 1.96 0 0.0 0 256
876 256 1.96 0 0.0 0 256
878 256 1.96 0 0.0 0 256
880 256 1.96 0 0.0 0 256
882 256 1.96 0 0.0 0 256
884 256 1.96 0 0.0 0 256
886 256 1.96 0 0.0 0 256
888 256 1.96 0 0.0 0 256
890 256 1.96 0 0.0 0 256
892 256 1.96 0 0.0 0 256
894 256 1.96 0 0.0 0 256
896 256 1.96 0 0.0 0 256
898 256 1.96 0 0.0 0 256
900 256 1.96 0 0.0 0 256
902 256 1.96 0 0.0 0 256
904 256 1.96 0 0.0 0 256
906 256 1.96 0 0.0 0 256
908 256 1.96 0 0.0 0 256
910 256 1.96 0 0.0 0 256
912 256 1.96 0 0.0 0 256
914 256 1.96 0 0.0 0 256
916 256 1.96 0 0.0 0 256
918 256 1.96 0 0.0 0 256
920 256 1.96 0 0.0 0 256
922 256 1.96 0 0.0 0 256
924 256 1.96 0 0.0 0 256
926 256 1.96 0 0.0 0 256
928 256 1.96 0 0.0 0 256
930 256 1.96 0 0.0 0 256
932 256 1.96 0 0.0 0 256
934 256 1.96 0 0.0 0 256
936 256 1.96 0 0.0 0 256
938 256 1.96 0 0.0 0 256
940 256 1.96 0 0.0 0 256
942 256 1.96 0 0.0 0 256
944 256 1.96 0 0.0 0 256
946 256 1.96 0 0.0 0 256
948 256 1.96 0 0.0 0 256
950 256 1.96 0 0.0 0 256
952 256 1.96 0 0.0 0 256
954 256 1.96 0 0.0 0 256
956 256 1.96 0 0.0 0 256
958 256 1.96 0 0.0 0 256
960 256 1.96 0 0.0 0 256
962 256 1.96 0 0.0 0 256
964 256 1.96 0 0.0 0 256
966 256 1.96 0 0.0 0 256
968 256 1.96 0 0.0 0 256
970 256 1.96 0 0.0 0 256
972 256 1.96 0 0.0 0 256
974 256 1.96 0 0.0 0 256
976 256 1.96 0 0.0 0 256
978 256 1.96 0 0.0 0 256
980 256 1.96 0 0.0 0 256
982 256 1.96 0 0.0 0 256
984 256 1.96 0 0.0 0 256
986 256 1.96 0 0.0 0 256
988 256 1.96 0 0.0 0 256
990 256 1.96 0 0.0 0 256
992 256 1.96 0 0.0 0 256
994 256 1.96 0 0.0 0 256
996 256 1.96 0 0.0 0 256
998 256 1.96 0 0.0 0 256
1000 256 1.96 0 0.0 0 256
1002 256 1.96 0 0.0 0 256
1004 256 1.96 0 0.0 0 256
1006 256 1.96 0 0.0 0 256
1008 256 1.96 0 0.0 0 256
1010 256 1.96 0 0.0 0 256
1012 256 1.96 0 0.0 0 256
1014 256 1.96 0 0.0 0 256
1016 256 1.96 0 0.0 0 256
1018 256 1.96 0 0.0 0 256
1020 256 1.96 0 0.0 0 256
1022 256 1.96 0 0.0 0 256
1024 256 1.96 0 0.0 0 256
1026 256 1.96 0 0.0 0 256
1028 256 1.96 0 0.0 0 256
1030 256 1.96 0 0.0 0 256
1032 256 1.96 0 0.0 0 256
1034 256 1.96 0 0.0 0 256
1036 256 1.96 0 0.0 0 256
1038 256 1.96 0 0.0 0 256
1040 256 1.96 0 0.0 0 256
1042 256 1.96 0 0.0 0 256
1044 256 1.96 0 0.0 0 256
1046 256 1.96 0 0.0 0 256
1048 256 1.96 0 0.0 0 256
1050 256 1.96 0 0.0 0 256
1052 256 1.96 0 0.0 0 256
1054 256 1.96 0 0.0 0 256
1056 256 1.96 0 0.0 0 256
1058 256 1.96 0 0.0 0 256
1060 256 1.96 0 0.0 0 256
1062 256 1.96 0 0.0 0 256
1064 256 1.96 0 0.0 0 256
1066 256 1.96 0 0.0 0 256
1068 256 1.96 0 0.0 0 256
1070 256 1.96 0 0.0 0 256
1072 256 1.96 0 0.0 0 256
1074 256 1.96 0 0.0 0 256
1076 256 1.96 0 0.0 0 256
1078 256 1.96 0 0.0 0 256
1080 256 1.96 0 0.0 0 256
1082 256 1.96 0 0.0 0 256
1084 256 1.96 0 0.0 0 256
1086 256 1.96 0 0.0 0 256
1088 256 1.96 0 0.0 0 256
1090 256 1.96 0 0.0 0 256
1092 256 1.96 0 0.0 0 256
1094 256 1.96 0 0.0 0 256
1096 256 1.96 0 0.0 0 256
1098 256 1.96 0 0.0 0 256
1100 256 1.96 0 0.0 0 256
1102 256 1.96 0 0.0 0 256
1104 255 1.95 0 0.0 1 256
1106 255 1.95 0 0.0 1 255
1108 255 1.95 0 0.0 1 255
1110 255 1.95 0 0.0 1 255
1112 255 1.95 0 0.0 1 255
1114 255 1.95 0 0.0 1 255
1116 255 1.95 0 0.0 1 255
1118 255 1.95 0 0.0 1 255
1120 255 1.95 0 0.0 1 255
1122 255 1.95 0 0.0 1 255
1124 255 1.95 0 0.0 1 255
1126 255 1.95 0 0.0 1 255
1128 255 1.95 0 0.0 1 255
1130 255 1.95 0 0.0 1 255
1132 255 1.95 0 0.0 1 255
1134 255 1.95 0 0.0 1 255
1136 255 1.95 0 0.0 1 255
1138 255 1.95 0 0.0 1 255
1140 255 1.95 0 0.0 1 255
1142 255 1.95 0 0.0 1 255
1144 255 1.95 0 0.0 1 255
1146 255 1.95 0 0.0 1 255
1148 255 1.95 0 0.0 1 255
1150 255 1.95 0 0.0 1 255
1152 255 1.95 0 0.0 1 255
1154 255 1.95 0 0.0 1 255
1156 255 1.95 0 0.0 1 255
1158 255 1.95 0 0.0 1 255
1160 255 1.95 0 0.0 1 255
1162 255 1.95 0 0.0 1 255
1164 255 1.95 0 0.0 1 255
1166 255 1.95 0 0.0 1 255
1168 255 1.95 0 0.0 1 255
1170 255 1.95 0 0.0 1 255
1172 255 1.95 0 0.0 1 255
1174 255 1.95 0 0.0 1 255
1176 255 1.95 0 0.0 1 255
1178 255 1.95 0 0.0 1 255
1180 255 1.95 0 0.0 1 255
1182 255 1.95 0 0.0 1 255
1184 255 1.95 0 0.0 1 255
1186 255 1.95 0 0.0 1 255
1188 255 1.95 0 0.0 1 255
1190 255 1.95 0 0.0 1 255
1192 255 1.95 0 0.0 1 255
1194 255 1.95 0 0.0 1 255
1196 255 1.95 0 0.0 1 255
1198 255 1.95 0 0.0 1 255
1200 255 1.95 0 0.0 1 255
1202 255 1.95 0 0.0 1 255
1204 255 1.95 0 0.0 1 255
1206 255 1.95 0 0.0 1 255
1208 255 1.95 0 0.0 1 255
1210 255 1.95 0 0.0 1 255
1212 255 1.95 0 0.0 1 255
1214 255 1.95 0 0.0 1 255
1216 255 1.95 0 0.0 1 255
1218 255 1.95 0 0.0 1 255
1220 255 1.95 0 0.0 1 255
1222 255 1.95 0 0.0 1 255
1224 255 1.95 0 0.0 1 255
1226 255 1.95 0 0.0 1 255
1228 255 1.95 0 0.0 1 255
1230 255 1.95 0 0.0 1 255
1232 255 1.95 0 0.0 1 255
1234 255 1.95 0 0.0 1 255
1236 255 1.95 0 0.0 1 255
1238 255 1.95 0 0.0 1 255
1240 255 1.95 0 0.0 1 255
1242 255 1.95 0 0.0 1 255
1244 255 1.95 0 0.0 1 255
1246 255 1.95 0 0.0 1 255
1248 255 1.95 0 0.0 1 255
1250 255 1.95 0 0.0 1 255
1252 255 1.95 0 0.0 1 255
1254 255 1.95 0 0.0 1 255
1256 255 1.95 0 0.0 1 255
1258 255 1.95 0 0.0 1 255
1260 255 1.95 0 0.0 1 255
1262 255 1.95 0 0.0 1 255
1264 255 1.95 0 0.0 1 255
1266 255 1.95 0 0.0 1 255
1268 255 1.95 0 0.0 1 255
1270 255 1.95 0 0.0 1 255
1272 255 1.95 0 0.0 1 255
1274 255 1.95 0 0.0 1 255
1276 255 1.95 0 0.0 1 255
1278 255 1.95 0 0.0 1 255
1280 255 1.95 0 0.0 1 255
1282 255 1.95 0 0.0 1 255
1284 255 1.95 0 0.0 1 255
1286 255 1.95 0 0.0 1 255
1288 255 1.95 0 0.0 1 255
1290 255 1.95 0 0.0 1 255
1292 255 1.95 0 0.0 1 255
1294 255 1.95 0 0.0 1 255
1296 255 1.95 0 0.0 1 255
1298 255 1.95 0 0.0 1 255
1300 255 1.95 0 0.0 1 255
1302 255 1.95 0 0.0 1 255
1304 255 1.95 0 0.0 1 255
1306 255 1.95 0 0.0 1 255
1308 255 1.95 0 0.0 1 255
1310 255 1.95 0 0.0 1 255
1312 255 1.95 0 0.0 1 255
1314 255 1.95 0 0.0 1 255
1316 255 1.95 0 0.0 1 255
1318 255 1.95 0 0.0 1 255
1320 255 1.95 0 0.0 1 255
1322 255 1.95 0 0.0 1 255
1324 255 1.95 0 0.0 1 255
1326 255 1.95 0 0.0 1 255
1328 255 1.95 0 0.0 1 255
1330 255 1.95 0 0.0 1 255
1332 255 1.95 0 0.0 1 255
1334 255 1.95 0 0.0 1 255
1336 255 1.95 0 0.0 1 255
1338 255 1.95 0 0.0 1 255
1340 255 1.95 0 0.0 1 255
1342 255 1.95 0 0.0 1 255
1344 255 1.95 0 0.0 1 255
1346 255 1.95 0 0.0 1 255
1348 255 1.95 0 0.0 1 255
1350 255 1.95 0 0.0 1 255
1352 255 1.95 0 0.0 1 255
1354 255 1.95 0 0.0 1 255
1356 255 1.95 0 0.0 1 255
1358 255 1.95 0 0.0 1 255
1360 255 1.95 0 0.0 1 255
1362 255 1.95 0 0.0 1 255
1364 255 1.95 0 0.0 1 255
1366 255 1.95 0 0.0 1 255
1368 255 1.95 0 0.0 1 255
1370 255 1.95 0 0.0 1 255
1372 255 1.95 0 0.0 1 255
1374 255 1.95 0 0.0 1 255
1376 255 1.95 0 0.0 1 255
1378 255 1.95 0 0.0 1 255
1380 255 1.95 0 0.0 1 255
1382 255 1.95 0 0.0 1 255
1384 255 1.95 0 0.0 1 255
1386 255 1.95 0 0.0 1 255
1388 255 1.95 0 0.0 1 255
1390 255 1.95 0 0.0 1 255
1392 255 1.95 0 0.0 1 255
1394 255 1.95 0 0.0 1 255
1396 255 1.95 0 0.0 1 255
1398 255 1.95 0 0.0 1 255
1400 255 1.95 0 0.0 1 255
1402 255 1.95 0 0.0 1 255
1404 255 1.95 0 0.0 1 255
1406 255 1.95 0 0.0 1 255
1408 255 1.95 0 0.0 1 255
1410 255 1.95 0 0.0 1 255
1412 255 1.95 0 0.0 1 255
1414 255 1.95 0 0.0 1 255
1416 255 1.95 0 0.0 1 255
1418 255 1.95 0 0.0 1 255
1420 255 1.95 0 0.0 1 255
1422 255 1.95 0 0.0 1 255
1424 255 1.95 0 0.0 1 255
1426 255 1.95 0 0.0 1 255
1428 255 1.95 0 0.0 1 255
1430 255 1.95 0 0.0 1 255
1432 255 1.95 0 0.0 1 255
1434 255 1.95 0 0.0 1 255
1436 255 1.95 0 0.0 1 255
1438 255 1.95 0 0.0 1 255
1440 255 1.95 0 0.0 1 255
