Time Custom..._Count Custom..._Conc Acetate_Count Acetate_Conc Custom..._Died bacteria_couldn't_eat
0 4 0.02 77081 2.4 0 0
2 4 0.02 77081 2.4 0 0
4 4 0.02 77066 2.4 0 0
6 4 0.02 77051 2.4 0 0
8 4 0.02 77034 2.4 0 0
10 4 0.02 77018 2.4 0 0
12 4 0.02 77003 2.4 0 0
14 4 0.02 76986 2.4 0 0
16 4 0.02 76970 2.39 0 0
18 4 0.02 76951 2.39 0 0
20 4 0.02 76931 2.39 0 0
22 4 0.03 76910 2.39 0 0
24 4 0.03 76890 2.39 0 0
26 4 0.03 76869 2.39 0 0
28 4 0.03 76848 2.39 0 0
30 4 0.03 76826 2.39 0 0
32 4 0.03 76804 2.39 0 0
34 4 0.03 76783 2.39 0 0
36 4 0.03 76760 2.39 0 0
38 4 0.03 76735 2.39 0 0
40 4 0.03 76709 2.39 0 0
42 4 0.03 76683 2.38 0 0
44 4 0.03 76658 2.38 0 0
46 4 0.03 76630 2.38 0 0
48 4 0.04 76601 2.38 0 0
50 4 0.04 76571 2.38 0 0
52 4 0.04 76539 2.38 0 0
54 4 0.04 76509 2.38 0 0
56 8 0.04 76476 2.38 0 0
58 8 0.04 76444 2.38 0 0
60 8 0.04 76412 2.38 0 0
62 8 0.04 76380 2.37 0 0
64 8 0.04 76344 2.37 0 0
66 8 0.05 76308 2.37 0 0
68 8 0.05 76268 2.37 0 0
70 8 0.05 76228 2.37 0 0
72 8 0.05 76187 2.37 0 0
74 8 0.05 76145 2.37 0 0
76 8 0.05 76105 2.37 0 0
78 8 0.05 76060 2.36 0 0
80 8 0.05 76017 2.36 0 0
82 8 0.06 75974 2.36 0 0
84 8 0.06 75928 2.36 0 0
86 8 0.06 75880 2.36 0 0
88 8 0.06 75829 2.36 0 0
90 8 0.06 75776 2.36 0 0
92 8 0.06 75726 2.35 0 0
94 8 0.07 75670 2.35 0 0
96 8 0.07 75614 2.35 0 0
98 8 0.07 75555 2.35 0 0
100 8 0.07 75494 2.35 0 0
102 8 0.07 75435 2.34 0 0
104 8 0.08 75374 2.34 0 0
106 8 0.08 75311 2.34 0 0
108 16 0.08 75245 2.34 0 0
110 16 0.08 75181 2.34 0 0
112 16 0.08 75117 2.33 0 0
114 16 0.09 75047 2.33 0 0
116 16 0.09 74972 2.33 0 0
118 16 0.09 74896 2.33 0 0
120 16 0.09 74820 2.33 0 0
122 16 0.1 74741 2.32 0 0
124 16 0.1 74660 2.32 0 0
126 16 0.1 74576 2.32 0 0
128 16 0.1 74493 2.31 0 0
130 16 0.11 74408 2.31 0 0
132 16 0.11 74315 2.31 0 0
134 16 0.11 74220 2.31 0 0
136 16 0.12 74123 2.3 0 0
138 16 0.12 74025 2.3 0 0
140 16 0.12 73926 2.3 0 0
142 16 0.12 73819 2.29 0 0
144 16 0.13 73710 2.29 0 0
146 16 0.13 73597 2.29 0 0
148 16 0.14 73483 2.28 0 0
150 16 0.14 73362 2.28 0 0
152 16 0.14 73245 2.28 0 0
154 16 0.15 73123 2.27 0 0
156 16 0.15 72996 2.27 0 0
158 16 0.15 72876 2.26 0 0
160 32 0.16 72745 2.26 0 0
162 32 0.16 72613 2.26 0 0
164 32 0.17 72472 2.25 0 0
166 32 0.17 72330 2.25 0 0
168 32 0.18 72180 2.24 0 0
170 32 0.18 72033 2.24 0 0
172 32 0.19 71879 2.23 0 0
174 32 0.19 71718 2.23 0 0
176 32 0.2 71557 2.22 0 0
178 32 0.2 71389 2.22 0 0
180 32 0.21 71218 2.21 0 0
182 32 0.21 71036 2.21 0 0
184 32 0.22 70852 2.2 0 0
186 32 0.22 70665 2.19 0 0
188 32 0.23 70470 2.19 0 0
190 32 0.24 70269 2.18 0 0
192 32 0.24 70065 2.18 0 0
194 32 0.25 69862 2.17 0 0
196 32 0.26 69648 2.16 0 0
198 32 0.26 69431 2.16 0 0
200 32 0.27 69203 2.15 0 0
202 32 0.28 68972 2.14 0 0
204 32 0.29 68734 2.13 0 0
206 32 0.29 68490 2.13 0 0
208 32 0.3 68237 2.12 0 0
210 32 0.31 67984 2.11 0 0
212 64 0.32 67718 2.1 0 0
214 64 0.33 67446 2.09 0 0
216 64 0.33 67170 2.09 0 0
218 64 0.34 66881 2.08 0 0
220 64 0.35 66586 2.07 0 0
222 64 0.36 66281 2.06 0 0
224 64 0.37 65964 2.05 0 0
226 64 0.38 65647 2.04 0 0
228 64 0.39 65319 2.03 0 0
230 64 0.4 64978 2.02 0 0
232 64 0.41 64632 2.01 0 0
234 64 0.43 64275 2.0 0 0
236 64 0.44 63913 1.98 0 0
238 64 0.45 63540 1.97 0 0
240 64 0.46 63156 1.96 0 0
242 64 0.47 62759 1.95 0 0
244 64 0.49 62355 1.94 0 0
246 64 0.5 61935 1.92 0 0
248 64 0.51 61503 1.91 0 0
250 64 0.53 61066 1.9 0 0
252 64 0.54 60614 1.88 0 0
254 64 0.56 60149 1.87 0 0
256 64 0.57 59674 1.85 0 0
258 64 0.59 59186 1.84 0 0
260 64 0.6 58677 1.82 0 0
262 64 0.62 58164 1.81 0 0
264 128 0.63 57636 1.79 0 0
266 128 0.65 57088 1.77 0 0
268 128 0.67 56529 1.75 0 0
270 128 0.69 55966 1.74 0 0
272 128 0.71 55380 1.72 0 0
274 128 0.72 54772 1.7 0 0
276 128 0.74 54153 1.68 0 0
278 128 0.76 53525 1.66 0 0
280 128 0.78 52875 1.64 0 0
282 128 0.81 52195 1.62 0 0
284 128 0.83 51514 1.6 0 0
286 128 0.85 50802 1.57 0 0
288 128 0.87 50065 1.55 0 0
290 128 0.9 49315 1.53 0 0
292 128 0.92 48539 1.5 0 0
294 128 0.95 47745 1.48 0 0
296 128 0.97 46928 1.45 0 0
298 128 1.0 46101 1.43 0 0
300 128 1.02 45242 1.4 0 0
302 128 1.05 44376 1.37 0 0
304 128 1.08 43470 1.35 0 0
306 128 1.11 42532 1.32 0 0
308 128 1.14 41575 1.29 0 0
310 128 1.17 40590 1.26 0 0
312 128 1.2 39589 1.23 0 0
314 128 1.23 38558 1.19 0 0
316 256 1.27 37503 1.16 0 0
318 256 1.3 36419 1.13 0 0
320 256 1.34 35289 1.09 0 0
322 256 1.37 34148 1.06 0 0
324 256 1.41 32965 1.02 0 0
326 256 1.45 31751 0.98 0 0
328 256 1.49 30508 0.94 0 0
330 256 1.53 29229 0.9 0 0
332 256 1.57 27908 0.86 0 0
334 256 1.61 26558 0.82 0 0
336 256 1.65 25164 0.78 0 0
338 256 1.7 23738 0.73 0 0
340 256 1.74 22275 0.69 0 0
342 256 1.79 20785 0.64 0 1
344 256 1.84 19268 0.59 0 2
346 256 1.89 17729 0.55 0 1
348 256 1.94 16196 0.5 0 7
350 256 1.98 14665 0.45 0 14
352 256 2.03 13147 0.4 0 17
354 256 2.08 11581 0.36 0 13
356 256 2.13 10074 0.31 0 20
358 256 2.17 8641 0.27 0 34
360 256 2.21 7294 0.22 0 41
362 256 2.25 6003 0.18 0 48
364 256 2.29 4850 0.15 0 64
366 256 2.32 3785 0.12 0 78
368 331 2.35 2860 0.09 0 92
370 342 2.38 1970 0.06 0 115
372 351 2.41 1228 0.04 0 153
374 355 2.42 671 0.02 0 189
376 357 2.44 201 0.01 0 208
378 359 2.44 21 0.0 0 285
380 359 2.44 0 0.0 0 338
382 359 2.44 0 0.0 0 359
384 359 2.44 0 0.0 0 359
386 359 2.44 0 0.0 0 359
388 359 2.44 0 0.0 0 359
390 359 2.44 0 0.0 0 359
392 359 2.44 0 0.0 0 359
394 359 2.44 0 0.0 0 359
396 359 2.44 0 0.0 0 359
398 359 2.44 0 0.0 0 359
400 359 2.44 0 0.0 0 359
402 359 2.44 0 0.0 0 359
404 359 2.44 0 0.0 0 359
406 359 2.44 0 0.0 0 359
408 359 2.44 0 0.0 0 359
410 359 2.44 0 0.0 0 359
412 359 2.44 0 0.0 0 359
414 359 2.44 0 0.0 0 359
416 359 2.44 0 0.0 0 359
418 359 2.44 0 0.0 0 359
420 359 2.44 0 0.0 0 359
422 359 2.44 0 0.0 0 359
424 359 2.44 0 0.0 0 359
426 359 2.44 0 0.0 0 359
428 359 2.44 0 0.0 0 359
430 359 2.44 0 0.0 0 359
432 359 2.44 0 0.0 0 359
434 359 2.44 0 0.0 0 359
436 359 2.44 0 0.0 0 359
438 359 2.44 0 0.0 0 359
440 359 2.44 0 0.0 0 359
442 359 2.44 0 0.0 0 359
444 359 2.44 0 0.0 0 359
446 359 2.44 0 0.0 0 359
448 359 2.44 0 0.0 0 359
450 359 2.44 0 0.0 0 359
452 359 2.44 0 0.0 0 359
454 359 2.44 0 0.0 0 359
456 359 2.44 0 0.0 0 359
458 359 2.44 0 0.0 0 359
460 359 2.44 0 0.0 0 359
462 359 2.44 0 0.0 0 359
464 359 2.44 0 0.0 0 359
466 359 2.44 0 0.0 0 359
468 359 2.44 0 0.0 0 359
470 359 2.44 0 0.0 0 359
472 359 2.44 0 0.0 0 359
474 359 2.44 0 0.0 0 359
476 359 2.44 0 0.0 0 359
478 359 2.44 0 0.0 0 359
480 359 2.44 0 0.0 0 359
482 359 2.44 0 0.0 0 359
484 359 2.44 0 0.0 0 359
486 359 2.44 0 0.0 0 359
488 359 2.44 0 0.0 0 359
490 359 2.44 0 0.0 0 359
492 359 2.44 0 0.0 0 359
494 359 2.44 0 0.0 0 359
496 359 2.44 0 0.0 0 359
498 359 2.44 0 0.0 0 359
500 359 2.44 0 0.0 0 359
502 359 2.44 0 0.0 0 359
504 359 2.44 0 0.0 0 359
506 359 2.44 0 0.0 0 359
508 359 2.44 0 0.0 0 359
510 359 2.44 0 0.0 0 359
512 359 2.44 0 0.0 0 359
514 359 2.44 0 0.0 0 359
516 359 2.44 0 0.0 0 359
518 359 2.44 0 0.0 0 359
520 359 2.44 0 0.0 0 359
522 359 2.44 0 0.0 0 359
524 359 2.44 0 0.0 0 359
526 359 2.44 0 0.0 0 359
528 359 2.44 0 0.0 0 359
530 359 2.44 0 0.0 0 359
532 359 2.44 0 0.0 0 359
534 359 2.44 0 0.0 0 359
536 359 2.44 0 0.0 0 359
538 359 2.44 0 0.0 0 359
540 359 2.44 0 0.0 0 359
542 359 2.44 0 0.0 0 359
544 359 2.44 0 0.0 0 359
546 359 2.44 0 0.0 0 359
548 359 2.44 0 0.0 0 359
550 359 2.44 0 0.0 0 359
552 359 2.44 0 0.0 0 359
554 359 2.44 0 0.0 0 359
556 359 2.44 0 0.0 0 359
558 359 2.44 0 0.0 0 359
560 359 2.44 0 0.0 0 359
562 359 2.44 0 0.0 0 359
564 359 2.44 0 0.0 0 359
566 359 2.44 0 0.0 0 359
568 359 2.44 0 0.0 0 359
570 359 2.44 0 0.0 0 359
572 359 2.44 0 0.0 0 359
574 359 2.44 0 0.0 0 359
576 359 2.44 0 0.0 0 359
578 359 2.44 0 0.0 0 359
580 359 2.44 0 0.0 0 359
582 359 2.44 0 0.0 0 359
584 359 2.44 0 0.0 0 359
586 359 2.44 0 0.0 0 359
588 359 2.44 0 0.0 0 359
590 359 2.44 0 0.0 0 359
592 359 2.44 0 0.0 0 359
594 359 2.44 0 0.0 0 359
596 359 2.44 0 0.0 0 359
598 359 2.44 0 0.0 0 359
600 359 2.44 0 0.0 0 359
602 359 2.44 0 0.0 0 359
604 359 2.44 0 0.0 0 359
606 359 2.44 0 0.0 0 359
608 359 2.44 0 0.0 0 359
610 359 2.44 0 0.0 0 359
612 359 2.44 0 0.0 0 359
614 359 2.44 0 0.0 0 359
616 359 2.44 0 0.0 0 359
618 359 2.44 0 0.0 0 359
620 359 2.44 0 0.0 0 359
622 359 2.44 0 0.0 0 359
624 359 2.44 0 0.0 0 359
626 359 2.44 0 0.0 0 359
628 359 2.44 0 0.0 0 359
630 359 2.44 0 0.0 0 359
632 359 2.44 0 0.0 0 359
634 359 2.44 0 0.0 0 359
636 359 2.44 0 0.0 0 359
638 359 2.44 0 0.0 0 359
640 359 2.44 0 0.0 0 359
642 359 2.44 0 0.0 0 359
644 359 2.44 0 0.0 0 359
646 359 2.44 0 0.0 0 359
648 359 2.44 0 0.0 0 359
650 359 2.44 0 0.0 0 359
652 359 2.44 0 0.0 0 359
654 359 2.44 0 0.0 0 359
656 359 2.44 0 0.0 0 359
658 359 2.44 0 0.0 0 359
660 359 2.44 0 0.0 0 359
662 359 2.44 0 0.0 0 359
664 359 2.44 0 0.0 0 359
666 359 2.44 0 0.0 0 359
668 359 2.44 0 0.0 0 359
670 359 2.44 0 0.0 0 359
672 359 2.44 0 0.0 0 359
674 359 2.44 0 0.0 0 359
676 359 2.44 0 0.0 0 359
678 359 2.44 0 0.0 0 359
680 359 2.44 0 0.0 0 359
682 359 2.44 0 0.0 0 359
684 359 2.44 0 0.0 0 359
686 359 2.44 0 0.0 0 359
688 359 2.44 0 0.0 0 359
690 359 2.44 0 0.0 0 359
692 359 2.44 0 0.0 0 359
694 359 2.44 0 0.0 0 359
696 359 2.44 0 0.0 0 359
698 359 2.44 0 0.0 0 359
700 359 2.44 0 0.0 0 359
702 359 2.44 0 0.0 0 359
704 359 2.44 0 0.0 0 359
706 359 2.44 0 0.0 0 359
708 359 2.44 0 0.0 0 359
710 359 2.44 0 0.0 0 359
712 359 2.44 0 0.0 0 359
714 359 2.44 0 0.0 0 359
716 359 2.44 0 0.0 0 359
718 359 2.44 0 0.0 0 359
720 359 2.44 0 0.0 0 359
722 359 2.44 0 0.0 0 359
724 359 2.44 0 0.0 0 359
726 359 2.44 0 0.0 0 359
728 359 2.44 0 0.0 0 359
730 359 2.44 0 0.0 0 359
732 359 2.44 0 0.0 0 359
734 359 2.44 0 0.0 0 359
736 359 2.44 0 0.0 0 359
738 359 2.44 0 0.0 0 359
740 359 2.44 0 0.0 0 359
742 359 2.44 0 0.0 0 359
744 359 2.44 0 0.0 0 359
746 359 2.44 0 0.0 0 359
748 359 2.44 0 0.0 0 359
750 359 2.44 0 0.0 0 359
752 359 2.44 0 0.0 0 359
754 359 2.44 0 0.0 0 359
756 359 2.44 0 0.0 0 359
758 359 2.44 0 0.0 0 359
760 359 2.44 0 0.0 0 359
762 359 2.44 0 0.0 0 359
764 359 2.44 0 0.0 0 359
766 359 2.44 0 0.0 0 359
768 359 2.44 0 0.0 0 359
770 359 2.44 0 0.0 0 359
772 359 2.44 0 0.0 0 359
774 359 2.44 0 0.0 0 359
776 359 2.44 0 0.0 0 359
778 359 2.44 0 0.0 0 359
780 359 2.44 0 0.0 0 359
782 359 2.44 0 0.0 0 359
784 359 2.44 0 0.0 0 359
786 359 2.44 0 0.0 0 359
788 359 2.44 0 0.0 0 359
790 359 2.44 0 0.0 0 359
792 359 2.44 0 0.0 0 359
794 359 2.44 0 0.0 0 359
796 359 2.44 0 0.0 0 359
798 359 2.44 0 0.0 0 359
800 359 2.44 0 0.0 0 359
802 359 2.44 0 0.0 0 359
804 359 2.44 0 0.0 0 359
806 359 2.44 0 0.0 0 359
808 359 2.44 0 0.0 0 359
810 359 2.44 0 0.0 0 359
812 359 2.44 0 0.0 0 359
814 359 2.44 0 0.0 0 359
816 359 2.44 0 0.0 0 359
818 359 2.44 0 0.0 0 359
820 359 2.44 0 0.0 0 359
822 359 2.44 0 0.0 0 359
824 359 2.44 0 0.0 0 359
826 359 2.44 0 0.0 0 359
828 359 2.44 0 0.0 0 359
830 359 2.44 0 0.0 0 359
832 359 2.44 0 0.0 0 359
834 359 2.44 0 0.0 0 359
836 359 2.44 0 0.0 0 359
838 359 2.44 0 0.0 0 359
840 359 2.44 0 0.0 0 359
842 359 2.44 0 0.0 0 359
844 359 2.44 0 0.0 0 359
846 359 2.44 0 0.0 0 359
848 359 2.44 0 0.0 0 359
850 359 2.44 0 0.0 0 359
852 359 2.44 0 0.0 0 359
854 359 2.44 0 0.0 0 359
856 359 2.44 0 0.0 0 359
858 359 2.44 0 0.0 0 359
860 359 2.44 0 0.0 0 359
862 359 2.44 0 0.0 0 359
864 359 2.44 0 0.0 0 359
866 359 2.44 0 0.0 0 359
868 359 2.44 0 0.0 0 359
870 359 2.44 0 0.0 0 359
872 359 2.44 0 0.0 0 359
874 359 2.44 0 0.0 0 359
876 359 2.44 0 0.0 0 359
878 359 2.44 0 0.0 0 359
880 359 2.44 0 0.0 0 359
882 359 2.44 0 0.0 0 359
884 359 2.44 0 0.0 0 359
886 359 2.44 0 0.0 0 359
888 359 2.44 0 0.0 0 359
890 359 2.44 0 0.0 0 359
892 359 2.44 0 0.0 0 359
894 359 2.44 0 0.0 0 359
896 359 2.44 0 0.0 0 359
898 359 2.44 0 0.0 0 359
900 359 2.44 0 0.0 0 359
902 359 2.44 0 0.0 0 359
904 359 2.44 0 0.0 0 359
906 359 2.44 0 0.0 0 359
908 359 2.44 0 0.0 0 359
910 359 2.44 0 0.0 0 359
912 359 2.44 0 0.0 0 359
914 359 2.44 0 0.0 0 359
916 359 2.44 0 0.0 0 359
918 359 2.44 0 0.0 0 359
920 359 2.44 0 0.0 0 359
922 359 2.44 0 0.0 0 359
924 359 2.44 0 0.0 0 359
926 359 2.44 0 0.0 0 359
928 359 2.44 0 0.0 0 359
930 359 2.44 0 0.0 0 359
932 359 2.44 0 0.0 0 359
934 359 2.44 0 0.0 0 359
936 359 2.44 0 0.0 0 359
938 359 2.44 0 0.0 0 359
940 359 2.44 0 0.0 0 359
942 359 2.44 0 0.0 0 359
944 359 2.44 0 0.0 0 359
946 359 2.44 0 0.0 0 359
948 359 2.44 0 0.0 0 359
950 359 2.44 0 0.0 0 359
952 359 2.44 0 0.0 0 359
954 359 2.44 0 0.0 0 359
956 359 2.44 0 0.0 0 359
958 359 2.44 0 0.0 0 359
960 359 2.44 0 0.0 0 359
962 359 2.44 0 0.0 0 359
964 359 2.44 0 0.0 0 359
966 359 2.44 0 0.0 0 359
968 359 2.44 0 0.0 0 359
970 359 2.44 0 0.0 0 359
972 359 2.44 0 0.0 0 359
974 359 2.44 0 0.0 0 359
976 359 2.44 0 0.0 0 359
978 359 2.44 0 0.0 0 359
980 359 2.44 0 0.0 0 359
982 359 2.44 0 0.0 0 359
984 359 2.44 0 0.0 0 359
986 359 2.44 0 0.0 0 359
988 359 2.44 0 0.0 0 359
990 359 2.44 0 0.0 0 359
992 359 2.44 0 0.0 0 359
994 359 2.44 0 0.0 0 359
996 359 2.44 0 0.0 0 359
998 359 2.44 0 0.0 0 359
1000 359 2.44 0 0.0 0 359
1002 359 2.44 0 0.0 0 359
1004 359 2.44 0 0.0 0 359
1006 359 2.44 0 0.0 0 359
1008 359 2.44 0 0.0 0 359
1010 359 2.44 0 0.0 0 359
1012 359 2.44 0 0.0 0 359
1014 359 2.44 0 0.0 0 359
1016 359 2.44 0 0.0 0 359
1018 359 2.44 0 0.0 0 359
1020 359 2.44 0 0.0 0 359
1022 359 2.44 0 0.0 0 359
1024 359 2.44 0 0.0 0 359
1026 359 2.44 0 0.0 0 359
1028 359 2.44 0 0.0 0 359
1030 359 2.44 0 0.0 0 359
1032 359 2.44 0 0.0 0 359
1034 359 2.44 0 0.0 0 359
1036 359 2.44 0 0.0 0 359
1038 359 2.44 0 0.0 0 359
1040 359 2.44 0 0.0 0 359
1042 359 2.44 0 0.0 0 359
1044 359 2.44 0 0.0 0 359
1046 359 2.44 0 0.0 0 359
1048 359 2.44 0 0.0 0 359
1050 359 2.44 0 0.0 0 359
1052 359 2.44 0 0.0 0 359
1054 359 2.44 0 0.0 0 359
1056 359 2.44 0 0.0 0 359
1058 359 2.44 0 0.0 0 359
1060 359 2.44 0 0.0 0 359
1062 359 2.44 0 0.0 0 359
1064 359 2.44 0 0.0 0 359
1066 359 2.44 0 0.0 0 359
1068 359 2.44 0 0.0 0 359
1070 359 2.44 0 0.0 0 359
1072 359 2.44 0 0.0 0 359
1074 359 2.44 0 0.0 0 359
1076 359 2.44 0 0.0 0 359
1078 359 2.44 0 0.0 0 359
1080 359 2.44 0 0.0 0 359
1082 359 2.44 0 0.0 0 359
1084 359 2.44 0 0.0 0 359
1086 359 2.44 0 0.0 0 359
1088 359 2.44 0 0.0 0 359
1090 359 2.44 0 0.0 0 359
1092 359 2.44 0 0.0 0 359
1094 359 2.44 0 0.0 0 359
1096 359 2.44 0 0.0 0 359
1098 359 2.44 0 0.0 0 359
1100 359 2.44 0 0.0 0 359
1102 359 2.44 0 0.0 0 359
1104 359 2.44 0 0.0 0 359
1106 359 2.44 0 0.0 0 359
1108 359 2.44 0 0.0 0 359
1110 359 2.44 0 0.0 0 359
1112 359 2.44 0 0.0 0 359
1114 359 2.44 0 0.0 0 359
1116 359 2.44 0 0.0 0 359
1118 359 2.44 0 0.0 0 359
1120 359 2.44 0 0.0 0 359
1122 359 2.44 0 0.0 0 359
1124 359 2.44 0 0.0 0 359
1126 359 2.44 0 0.0 0 359
1128 359 2.44 0 0.0 0 359
1130 359 2.44 0 0.0 0 359
1132 359 2.44 0 0.0 0 359
1134 359 2.44 0 0.0 0 359
1136 359 2.44 0 0.0 0 359
1138 359 2.44 0 0.0 0 359
1140 359 2.44 0 0.0 0 359
1142 359 2.44 0 0.0 0 359
1144 359 2.44 0 0.0 0 359
1146 359 2.44 0 0.0 0 359
1148 359 2.44 0 0.0 0 359
1150 359 2.44 0 0.0 0 359
1152 359 2.44 0 0.0 0 359
1154 359 2.44 0 0.0 0 359
1156 359 2.44 0 0.0 0 359
1158 359 2.44 0 0.0 0 359
1160 359 2.44 0 0.0 0 359
1162 359 2.44 0 0.0 0 359
1164 359 2.44 0 0.0 0 359
1166 359 2.44 0 0.0 0 359
1168 359 2.44 0 0.0 0 359
1170 359 2.44 0 0.0 0 359
1172 359 2.44 0 0.0 0 359
1174 359 2.44 0 0.0 0 359
1176 359 2.44 0 0.0 0 359
1178 359 2.44 0 0.0 0 359
1180 359 2.44 0 0.0 0 359
1182 359 2.44 0 0.0 0 359
1184 359 2.44 0 0.0 0 359
1186 359 2.44 0 0.0 0 359
1188 359 2.44 0 0.0 0 359
1190 359 2.44 0 0.0 0 359
1192 359 2.44 0 0.0 0 359
1194 359 2.44 0 0.0 0 359
1196 359 2.44 0 0.0 0 359
1198 359 2.44 0 0.0 0 359
1200 359 2.44 0 0.0 0 359
1202 359 2.44 0 0.0 0 359
1204 359 2.44 0 0.0 0 359
1206 359 2.44 0 0.0 0 359
1208 359 2.44 0 0.0 0 359
1210 359 2.44 0 0.0 0 359
1212 359 2.44 0 0.0 0 359
1214 359 2.44 0 0.0 0 359
1216 359 2.44 0 0.0 0 359
1218 359 2.44 0 0.0 0 359
1220 359 2.44 0 0.0 0 359
1222 359 2.44 0 0.0 0 359
1224 359 2.44 0 0.0 0 359
1226 359 2.44 0 0.0 0 359
1228 359 2.44 0 0.0 0 359
1230 359 2.44 0 0.0 0 359
1232 359 2.44 0 0.0 0 359
1234 359 2.44 0 0.0 0 359
1236 359 2.44 0 0.0 0 359
1238 359 2.44 0 0.0 0 359
1240 359 2.44 0 0.0 0 359
1242 359 2.44 0 0.0 0 359
1244 359 2.44 0 0.0 0 359
1246 359 2.44 0 0.0 0 359
1248 359 2.44 0 0.0 0 359
1250 359 2.44 0 0.0 0 359
1252 359 2.44 0 0.0 0 359
1254 359 2.44 0 0.0 0 359
1256 359 2.44 0 0.0 0 359
1258 359 2.44 0 0.0 0 359
1260 359 2.44 0 0.0 0 359
1262 359 2.44 0 0.0 0 359
1264 359 2.44 0 0.0 0 359
1266 359 2.44 0 0.0 0 359
1268 359 2.44 0 0.0 0 359
1270 359 2.44 0 0.0 0 359
1272 359 2.44 0 0.0 0 359
1274 358 2.43 0 0.0 1 359
1276 358 2.43 0 0.0 1 358
1278 358 2.43 0 0.0 1 358
1280 358 2.43 0 0.0 1 358
1282 358 2.43 0 0.0 1 358
1284 358 2.43 0 0.0 1 358
1286 358 2.43 0 0.0 1 358
1288 358 2.43 0 0.0 1 358
1290 358 2.43 0 0.0 1 358
1292 358 2.43 0 0.0 1 358
1294 358 2.43 0 0.0 1 358
1296 358 2.43 0 0.0 1 358
1298 358 2.43 0 0.0 1 358
1300 358 2.43 0 0.0 1 358
1302 358 2.43 0 0.0 1 358
1304 358 2.43 0 0.0 1 358
1306 358 2.43 0 0.0 1 358
1308 358 2.43 0 0.0 1 358
1310 358 2.43 0 0.0 1 358
1312 358 2.43 0 0.0 1 358
1314 358 2.43 0 0.0 1 358
1316 358 2.43 0 0.0 1 358
1318 358 2.43 0 0.0 1 358
1320 358 2.43 0 0.0 1 358
1322 358 2.43 0 0.0 1 358
1324 358 2.43 0 0.0 1 358
1326 358 2.43 0 0.0 1 358
1328 358 2.43 0 0.0 1 358
1330 358 2.43 0 0.0 1 358
1332 358 2.43 0 0.0 1 358
1334 358 2.43 0 0.0 1 358
1336 358 2.43 0 0.0 1 358
1338 358 2.43 0 0.0 1 358
1340 358 2.43 0 0.0 1 358
1342 358 2.43 0 0.0 1 358
1344 358 2.43 0 0.0 1 358
1346 358 2.43 0 0.0 1 358
1348 358 2.43 0 0.0 1 358
1350 358 2.43 0 0.0 1 358
1352 358 2.43 0 0.0 1 358
1354 358 2.43 0 0.0 1 358
1356 358 2.43 0 0.0 1 358
1358 358 2.43 0 0.0 1 358
1360 358 2.43 0 0.0 1 358
1362 358 2.43 0 0.0 1 358
1364 358 2.43 0 0.0 1 358
1366 358 2.43 0 0.0 1 358
1368 358 2.43 0 0.0 1 358
1370 358 2.43 0 0.0 1 358
1372 358 2.43 0 0.0 1 358
1374 358 2.43 0 0.0 1 358
1376 358 2.43 0 0.0 1 358
1378 358 2.43 0 0.0 1 358
1380 358 2.43 0 0.0 1 358
1382 358 2.43 0 0.0 1 358
1384 358 2.43 0 0.0 1 358
1386 358 2.43 0 0.0 1 358
1388 358 2.43 0 0.0 1 358
1390 358 2.43 0 0.0 1 358
1392 358 2.43 0 0.0 1 358
1394 358 2.43 0 0.0 1 358
1396 358 2.43 0 0.0 1 358
1398 358 2.43 0 0.0 1 358
1400 358 2.43 0 0.0 1 358
1402 358 2.43 0 0.0 1 358
1404 358 2.43 0 0.0 1 358
1406 358 2.43 0 0.0 1 358
1408 358 2.43 0 0.0 1 358
1410 358 2.43 0 0.0 1 358
1412 358 2.43 0 0.0 1 358
1414 358 2.43 0 0.0 1 358
1416 358 2.43 0 0.0 1 358
1418 358 2.43 0 0.0 1 358
1420 358 2.43 0 0.0 1 358
1422 358 2.43 0 0.0 1 358
1424 358 2.43 0 0.0 1 358
1426 358 2.43 0 0.0 1 358
1428 358 2.43 0 0.0 1 358
1430 358 2.43 0 0.0 1 358
1432 358 2.43 0 0.0 1 358
1434 358 2.43 0 0.0 1 358
1436 358 2.43 0 0.0 1 358
1438 358 2.43 0 0.0 1 358
1440 358 2.43 0 0.0 1 358
