Time Custom..._Count Custom..._Conc Acetate_Count Acetate_Conc Custom..._Died bacteria_couldn't_eat
0 4 0.02 77081 2.4 0 0
2 4 0.02 77081 2.4 0 0
4 4 0.02 77071 2.4 0 0
6 4 0.02 77060 2.4 0 0
8 4 0.02 77048 2.4 0 0
10 4 0.02 77036 2.4 0 0
12 4 0.02 77024 2.4 0 0
14 4 0.02 77012 2.4 0 0
16 4 0.02 76998 2.4 0 0
18 4 0.02 76986 2.4 0 0
20 4 0.02 76973 2.4 0 0
22 4 0.02 76959 2.4 0 0
24 4 0.03 76944 2.4 0 0
26 4 0.03 76931 2.4 0 0
28 4 0.03 76915 2.4 0 0
30 4 0.03 76900 2.4 0 0
32 4 0.03 76884 2.39 0 0
34 4 0.03 76869 2.39 0 0
36 4 0.03 76853 2.39 0 0
38 4 0.03 76836 2.39 0 0
40 4 0.03 76820 2.39 0 0
42 4 0.03 76801 2.39 0 0
44 4 0.03 76783 2.39 0 0
46 4 0.03 76763 2.39 0 0
48 4 0.03 76744 2.39 0 0
50 4 0.03 76724 2.39 0 0
52 4 0.04 76703 2.39 0 0
54 4 0.04 76683 2.39 0 0
56 4 0.04 76660 2.39 0 0
58 4 0.04 76638 2.39 0 0
60 7 0.04 76617 2.39 0 0
62 8 0.04 76593 2.39 0 0
64 8 0.04 76570 2.38 0 0
66 8 0.04 76546 2.38 0 0
68 8 0.04 76523 2.38 0 0
70 8 0.04 76499 2.38 0 0
72 8 0.05 76475 2.38 0 0
74 8 0.05 76450 2.38 0 0
76 8 0.05 76425 2.38 0 0
78 8 0.05 76398 2.38 0 0
80 8 0.05 76372 2.38 0 0
82 8 0.05 76344 2.38 0 0
84 8 0.05 76316 2.38 0 0
86 8 0.05 76289 2.38 0 0
88 8 0.05 76259 2.38 0 0
90 8 0.06 76228 2.37 0 0
92 8 0.06 76196 2.37 0 0
94 8 0.06 76164 2.37 0 0
96 8 0.06 76132 2.37 0 0
98 8 0.06 76097 2.37 0 0
100 8 0.06 76061 2.37 0 0
102 8 0.06 76027 2.37 0 0
104 8 0.07 75990 2.37 0 0
106 8 0.07 75953 2.37 0 0
108 8 0.07 75913 2.36 0 0
110 8 0.07 75872 2.36 0 0
112 8 0.07 75831 2.36 0 0
114 8 0.07 75788 2.36 0 0
116 9 0.08 75744 2.36 0 0
118 13 0.08 75699 2.36 0 0
120 16 0.08 75656 2.36 0 0
122 16 0.08 75610 2.35 0 0
124 16 0.08 75566 2.35 0 0
126 16 0.09 75517 2.35 0 0
128 16 0.09 75470 2.35 0 0
130 16 0.09 75420 2.35 0 0
132 16 0.09 75371 2.35 0 0
134 16 0.09 75321 2.35 0 0
136 16 0.1 75269 2.34 0 0
138 16 0.1 75213 2.34 0 0
140 16 0.1 75157 2.34 0 0
142 16 0.1 75100 2.34 0 0
144 16 0.11 75039 2.34 0 0
146 16 0.11 74978 2.34 0 0
148 16 0.11 74920 2.33 0 0
150 16 0.11 74855 2.33 0 0
152 16 0.12 74793 2.33 0 0
154 16 0.12 74726 2.33 0 0
156 16 0.12 74658 2.33 0 0
158 16 0.13 74590 2.32 0 0
160 16 0.13 74518 2.32 0 0
162 16 0.13 74442 2.32 0 0
164 16 0.13 74365 2.32 0 0
166 16 0.14 74286 2.31 0 0
168 16 0.14 74205 2.31 0 0
170 16 0.15 74120 2.31 0 0
172 16 0.15 74037 2.31 0 0
174 17 0.15 73950 2.3 0 0
176 27 0.16 73859 2.3 0 0
178 32 0.16 73771 2.3 0 0
180 32 0.16 73685 2.3 0 0
182 32 0.17 73593 2.29 0 0
184 32 0.17 73501 2.29 0 0
186 32 0.18 73406 2.29 0 0
188 32 0.18 73312 2.28 0 0
190 32 0.18 73212 2.28 0 0
192 32 0.19 73113 2.28 0 0
194 32 0.19 73010 2.27 0 0
196 32 0.2 72907 2.27 0 0
198 32 0.2 72797 2.27 0 0
200 32 0.21 72677 2.26 0 0
202 32 0.21 72558 2.26 0 0
204 32 0.22 72436 2.26 0 0
206 32 0.22 72312 2.25 0 0
208 32 0.23 72184 2.25 0 0
210 32 0.23 72053 2.24 0 0
212 32 0.24 71920 2.24 0 0
214 32 0.24 71783 2.24 0 0
216 32 0.25 71646 2.23 0 0
218 32 0.26 71504 2.23 0 0
220 32 0.26 71353 2.22 0 0
222 32 0.27 71198 2.22 0 0
224 32 0.28 71039 2.21 0 0
226 32 0.28 70877 2.21 0 0
228 32 0.29 70714 2.2 0 0
230 32 0.3 70549 2.2 0 0
232 36 0.3 70378 2.19 0 0
234 55 0.31 70204 2.19 0 0
236 63 0.32 70025 2.18 0 0
238 64 0.33 69848 2.18 0 0
240 64 0.33 69669 2.17 0 0
242 64 0.34 69482 2.16 0 0
244 64 0.35 69293 2.16 0 0
246 64 0.36 69100 2.15 0 0
248 64 0.37 68909 2.15 0 0
250 64 0.38 68711 2.14 0 0
252 64 0.38 68507 2.13 0 0
254 64 0.39 68298 2.13 0 0
256 64 0.4 68085 2.12 0 0
258 64 0.41 67859 2.11 0 0
260 64 0.42 67620 2.11 0 0
262 64 0.43 67379 2.1 0 0
264 64 0.44 67126 2.09 0 0
266 64 0.45 66875 2.08 0 0
268 64 0.47 66614 2.07 0 0
270 64 0.48 66349 2.07 0 0
272 64 0.49 66075 2.06 0 0
274 64 0.5 65796 2.05 0 0
276 64 0.51 65509 2.04 0 0
278 64 0.53 65209 2.03 0 0
280 64 0.54 64902 2.02 0 0
282 64 0.55 64585 2.01 0 0
284 64 0.57 64262 2.0 0 0
286 64 0.58 63937 1.99 0 0
288 64 0.59 63600 1.98 0 0
290 76 0.61 63242 1.97 0 0
292 104 0.62 62886 1.96 0 0
294 123 0.64 62533 1.95 0 0
296 128 0.65 62174 1.94 0 0
298 128 0.67 61804 1.93 0 0
300 128 0.69 61434 1.91 0 0
302 128 0.7 61051 1.9 0 0
304 128 0.72 60664 1.89 0 0
306 128 0.74 60272 1.88 0 0
308 128 0.75 59864 1.86 0 0
310 128 0.77 59463 1.85 0 0
312 128 0.79 59039 1.84 0 0
314 128 0.81 58608 1.83 0 0
316 128 0.83 58155 1.81 0 0
318 128 0.85 57688 1.8 0 0
320 128 0.87 57199 1.78 0 0
322 128 0.89 56689 1.77 0 0
324 128 0.91 56177 1.75 0 0
326 128 0.93 55658 1.73 0 0
328 128 0.95 55131 1.72 0 0
330 128 0.98 54588 1.7 0 0
332 128 1.0 54034 1.68 0 0
334 128 1.03 53453 1.66 0 0
336 128 1.05 52844 1.65 0 0
338 128 1.08 52230 1.63 0 0
340 128 1.11 51599 1.61 0 0
342 128 1.13 50960 1.59 0 0
344 128 1.16 50297 1.57 0 0
346 134 1.19 49613 1.55 0 0
348 155 1.22 48923 1.52 0 0
350 210 1.25 48210 1.5 0 0
352 246 1.28 47497 1.48 0 0
354 256 1.31 46773 1.46 0 0
356 256 1.34 46040 1.43 0 0
358 256 1.37 45286 1.41 0 0
360 256 1.41 44526 1.39 0 0
362 256 1.44 43743 1.36 0 0
364 256 1.47 42954 1.34 0 0
366 256 1.51 42137 1.31 0 0
368 256 1.54 41316 1.29 0 0
370 256 1.58 40478 1.26 0 0
372 256 1.62 39605 1.23 0 0
374 256 1.66 38696 1.21 0 0
376 256 1.69 37765 1.18 0 0
378 256 1.74 36791 1.15 0 0
380 256 1.78 35786 1.11 0 0
382 256 1.82 34764 1.08 0 0
384 256 1.87 33713 1.05 0 0
386 256 1.91 32646 1.02 0 0
388 256 1.96 31544 0.98 0 0
390 256 2.01 30428 0.95 0 0
392 256 2.06 29264 0.91 0 0
394 256 2.11 28070 0.87 0 0
396 256 2.16 26835 0.84 0 0
398 256 2.21 25558 0.8 0 0
400 256 2.27 24258 0.76 0 0
402 257 2.33 22936 0.71 0 0
404 270 2.38 21576 0.67 0 0
406 320 2.44 20179 0.63 0 1
408 426 2.5 18778 0.59 0 2
410 487 2.56 17365 0.54 0 3
412 509 2.62 15955 0.5 0 8
414 512 2.69 14524 0.45 0 7
416 512 2.75 13084 0.41 0 22
418 512 2.81 11574 0.36 0 2
420 512 2.87 10100 0.31 0 22
422 512 2.94 8613 0.27 0 30
424 512 3.0 7140 0.22 0 27
426 512 3.06 5762 0.18 0 66
428 512 3.12 4387 0.14 0 71
430 512 3.17 3128 0.1 0 115
432 512 3.22 1966 0.06 0 148
434 512 3.26 1031 0.03 0 210
436 512 3.28 474 0.01 0 323
438 512 3.3 113 0.0 0 372
440 512 3.3 5 0.0 0 451
442 512 3.3 0 0.0 0 507
444 512 3.3 0 0.0 0 512
446 512 3.3 0 0.0 0 512
448 512 3.3 0 0.0 0 512
450 512 3.3 0 0.0 0 512
452 512 3.3 0 0.0 0 512
454 512 3.3 0 0.0 0 512
456 512 3.3 0 0.0 0 512
458 512 3.3 0 0.0 0 512
460 512 3.3 0 0.0 0 512
462 512 3.3 0 0.0 0 512
464 512 3.3 0 0.0 0 512
466 512 3.3 0 0.0 0 512
468 512 3.3 0 0.0 0 512
470 512 3.3 0 0.0 0 512
472 512 3.3 0 0.0 0 512
474 512 3.3 0 0.0 0 512
476 512 3.3 0 0.0 0 512
478 512 3.3 0 0.0 0 512
480 512 3.3 0 0.0 0 512
482 512 3.3 0 0.0 0 512
484 512 3.3 0 0.0 0 512
486 512 3.3 0 0.0 0 512
488 512 3.3 0 0.0 0 512
490 512 3.3 0 0.0 0 512
492 512 3.3 0 0.0 0 512
494 512 3.3 0 0.0 0 512
496 512 3.3 0 0.0 0 512
498 512 3.3 0 0.0 0 512
500 512 3.3 0 0.0 0 512
502 512 3.3 0 0.0 0 512
504 512 3.3 0 0.0 0 512
506 512 3.3 0 0.0 0 512
508 512 3.3 0 0.0 0 512
510 512 3.3 0 0.0 0 512
512 512 3.3 0 0.0 0 512
514 512 3.3 0 0.0 0 512
516 512 3.3 0 0.0 0 512
518 512 3.3 0 0.0 0 512
520 512 3.3 0 0.0 0 512
522 512 3.3 0 0.0 0 512
524 512 3.3 0 0.0 0 512
526 512 3.3 0 0.0 0 512
528 512 3.3 0 0.0 0 512
530 512 3.3 0 0.0 0 512
532 512 3.3 0 0.0 0 512
534 512 3.3 0 0.0 0 512
536 512 3.3 0 0.0 0 512
538 512 3.3 0 0.0 0 512
540 512 3.3 0 0.0 0 512
542 512 3.3 0 0.0 0 512
544 512 3.3 0 0.0 0 512
546 512 3.3 0 0.0 0 512
548 512 3.3 0 0.0 0 512
550 512 3.3 0 0.0 0 512
552 512 3.3 0 0.0 0 512
554 512 3.3 0 0.0 0 512
556 512 3.3 0 0.0 0 512
558 512 3.3 0 0.0 0 512
560 512 3.3 0 0.0 0 512
562 512 3.3 0 0.0 0 512
564 512 3.3 0 0.0 0 512
566 512 3.3 0 0.0 0 512
568 512 3.3 0 0.0 0 512
570 512 3.3 0 0.0 0 512
572 512 3.3 0 0.0 0 512
574 512 3.3 0 0.0 0 512
576 512 3.3 0 0.0 0 512
578 512 3.3 0 0.0 0 512
580 512 3.3 0 0.0 0 512
582 512 3.3 0 0.0 0 512
584 512 3.3 0 0.0 0 512
586 512 3.3 0 0.0 0 512
588 512 3.3 0 0.0 0 512
590 512 3.3 0 0.0 0 512
592 512 3.3 0 0.0 0 512
594 512 3.3 0 0.0 0 512
596 512 3.3 0 0.0 0 512
598 512 3.3 0 0.0 0 512
600 512 3.3 0 0.0 0 512
602 512 3.3 0 0.0 0 512
604 512 3.3 0 0.0 0 512
606 512 3.3 0 0.0 0 512
608 512 3.3 0 0.0 0 512
610 512 3.3 0 0.0 0 512
612 512 3.3 0 0.0 0 512
614 512 3.3 0 0.0 0 512
616 512 3.3 0 0.0 0 512
618 512 3.3 0 0.0 0 512
620 512 3.3 0 0.0 0 512
622 512 3.3 0 0.0 0 512
624 512 3.3 0 0.0 0 512
626 512 3.3 0 0.0 0 512
628 512 3.3 0 0.0 0 512
630 512 3.3 0 0.0 0 512
632 512 3.3 0 0.0 0 512
634 512 3.3 0 0.0 0 512
636 512 3.3 0 0.0 0 512
638 512 3.3 0 0.0 0 512
640 512 3.3 0 0.0 0 512
642 512 3.3 0 0.0 0 512
644 512 3.3 0 0.0 0 512
646 512 3.3 0 0.0 0 512
648 512 3.3 0 0.0 0 512
650 512 3.3 0 0.0 0 512
652 512 3.3 0 0.0 0 512
654 512 3.3 0 0.0 0 512
656 512 3.3 0 0.0 0 512
658 512 3.3 0 0.0 0 512
660 512 3.3 0 0.0 0 512
662 512 3.3 0 0.0 0 512
664 512 3.3 0 0.0 0 512
666 512 3.3 0 0.0 0 512
668 512 3.3 0 0.0 0 512
670 512 3.3 0 0.0 0 512
672 512 3.3 0 0.0 0 512
674 512 3.3 0 0.0 0 512
676 512 3.3 0 0.0 0 512
678 512 3.3 0 0.0 0 512
680 512 3.3 0 0.0 0 512
682 512 3.3 0 0.0 0 512
684 512 3.3 0 0.0 0 512
686 512 3.3 0 0.0 0 512
688 512 3.3 0 0.0 0 512
690 512 3.3 0 0.0 0 512
692 512 3.3 0 0.0 0 512
694 512 3.3 0 0.0 0 512
696 512 3.3 0 0.0 0 512
698 512 3.3 0 0.0 0 512
700 512 3.3 0 0.0 0 512
702 512 3.3 0 0.0 0 512
704 512 3.3 0 0.0 0 512
706 512 3.3 0 0.0 0 512
708 512 3.3 0 0.0 0 512
710 512 3.3 0 0.0 0 512
712 512 3.3 0 0.0 0 512
714 512 3.3 0 0.0 0 512
716 512 3.3 0 0.0 0 512
718 512 3.3 0 0.0 0 512
720 512 3.3 0 0.0 0 512
722 512 3.3 0 0.0 0 512
724 512 3.3 0 0.0 0 512
726 512 3.3 0 0.0 0 512
728 512 3.3 0 0.0 0 512
730 512 3.3 0 0.0 0 512
732 512 3.3 0 0.0 0 512
734 512 3.3 0 0.0 0 512
736 512 3.3 0 0.0 0 512
738 512 3.3 0 0.0 0 512
740 512 3.3 0 0.0 0 512
742 512 3.3 0 0.0 0 512
744 512 3.3 0 0.0 0 512
746 512 3.3 0 0.0 0 512
748 512 3.3 0 0.0 0 512
750 512 3.3 0 0.0 0 512
752 512 3.3 0 0.0 0 512
754 512 3.3 0 0.0 0 512
756 512 3.3 0 0.0 0 512
758 512 3.3 0 0.0 0 512
760 512 3.3 0 0.0 0 512
762 512 3.3 0 0.0 0 512
764 512 3.3 0 0.0 0 512
766 512 3.3 0 0.0 0 512
768 512 3.3 0 0.0 0 512
770 512 3.3 0 0.0 0 512
772 512 3.3 0 0.0 0 512
774 512 3.3 0 0.0 0 512
776 512 3.3 0 0.0 0 512
778 512 3.3 0 0.0 0 512
780 512 3.3 0 0.0 0 512
782 512 3.3 0 0.0 0 512
784 512 3.3 0 0.0 0 512
786 512 3.3 0 0.0 0 512
788 512 3.3 0 0.0 0 512
790 512 3.3 0 0.0 0 512
792 512 3.3 0 0.0 0 512
794 512 3.3 0 0.0 0 512
796 512 3.3 0 0.0 0 512
798 512 3.3 0 0.0 0 512
800 512 3.3 0 0.0 0 512
802 512 3.3 0 0.0 0 512
804 512 3.3 0 0.0 0 512
806 512 3.3 0 0.0 0 512
808 512 3.3 0 0.0 0 512
810 512 3.3 0 0.0 0 512
812 512 3.3 0 0.0 0 512
814 512 3.3 0 0.0 0 512
816 512 3.3 0 0.0 0 512
818 512 3.3 0 0.0 0 512
820 512 3.3 0 0.0 0 512
822 512 3.3 0 0.0 0 512
824 512 3.3 0 0.0 0 512
826 512 3.3 0 0.0 0 512
828 512 3.3 0 0.0 0 512
830 512 3.3 0 0.0 0 512
832 512 3.3 0 0.0 0 512
834 512 3.3 0 0.0 0 512
836 512 3.3 0 0.0 0 512
838 512 3.3 0 0.0 0 512
840 512 3.3 0 0.0 0 512
842 512 3.3 0 0.0 0 512
844 512 3.3 0 0.0 0 512
846 512 3.3 0 0.0 0 512
848 512 3.3 0 0.0 0 512
850 512 3.3 0 0.0 0 512
852 512 3.3 0 0.0 0 512
854 512 3.3 0 0.0 0 512
856 512 3.3 0 0.0 0 512
858 512 3.3 0 0.0 0 512
860 512 3.3 0 0.0 0 512
862 512 3.3 0 0.0 0 512
864 512 3.3 0 0.0 0 512
866 512 3.3 0 0.0 0 512
868 512 3.3 0 0.0 0 512
870 512 3.3 0 0.0 0 512
872 512 3.3 0 0.0 0 512
874 512 3.3 0 0.0 0 512
876 512 3.3 0 0.0 0 512
878 512 3.3 0 0.0 0 512
880 512 3.3 0 0.0 0 512
882 512 3.3 0 0.0 0 512
884 512 3.3 0 0.0 0 512
886 512 3.3 0 0.0 0 512
888 512 3.3 0 0.0 0 512
890 512 3.3 0 0.0 0 512
892 512 3.3 0 0.0 0 512
894 512 3.3 0 0.0 0 512
896 512 3.3 0 0.0 0 512
898 512 3.3 0 0.0 0 512
900 512 3.3 0 0.0 0 512
902 512 3.3 0 0.0 0 512
904 512 3.3 0 0.0 0 512
906 512 3.3 0 0.0 0 512
908 512 3.3 0 0.0 0 512
910 512 3.3 0 0.0 0 512
912 512 3.3 0 0.0 0 512
914 512 3.3 0 0.0 0 512
916 512 3.3 0 0.0 0 512
918 512 3.3 0 0.0 0 512
920 512 3.3 0 0.0 0 512
922 512 3.3 0 0.0 0 512
924 512 3.3 0 0.0 0 512
926 512 3.3 0 0.0 0 512
928 512 3.3 0 0.0 0 512
930 512 3.3 0 0.0 0 512
932 512 3.3 0 0.0 0 512
934 512 3.3 0 0.0 0 512
936 512 3.3 0 0.0 0 512
938 512 3.3 0 0.0 0 512
940 512 3.3 0 0.0 0 512
942 512 3.3 0 0.0 0 512
944 512 3.3 0 0.0 0 512
946 512 3.3 0 0.0 0 512
948 512 3.3 0 0.0 0 512
950 512 3.3 0 0.0 0 512
952 512 3.3 0 0.0 0 512
954 512 3.3 0 0.0 0 512
956 512 3.3 0 0.0 0 512
958 512 3.3 0 0.0 0 512
960 512 3.3 0 0.0 0 512
962 512 3.3 0 0.0 0 512
964 512 3.3 0 0.0 0 512
966 512 3.3 0 0.0 0 512
968 512 3.3 0 0.0 0 512
970 512 3.3 0 0.0 0 512
972 512 3.3 0 0.0 0 512
974 512 3.3 0 0.0 0 512
976 512 3.3 0 0.0 0 512
978 512 3.3 0 0.0 0 512
980 512 3.3 0 0.0 0 512
982 512 3.3 0 0.0 0 512
984 512 3.3 0 0.0 0 512
986 512 3.3 0 0.0 0 512
988 512 3.3 0 0.0 0 512
990 512 3.3 0 0.0 0 512
992 512 3.3 0 0.0 0 512
994 512 3.3 0 0.0 0 512
996 512 3.3 0 0.0 0 512
998 512 3.3 0 0.0 0 512
1000 512 3.3 0 0.0 0 512
1002 512 3.3 0 0.0 0 512
1004 512 3.3 0 0.0 0 512
1006 512 3.3 0 0.0 0 512
1008 512 3.3 0 0.0 0 512
1010 512 3.3 0 0.0 0 512
1012 512 3.3 0 0.0 0 512
1014 512 3.3 0 0.0 0 512
1016 512 3.3 0 0.0 0 512
1018 512 3.3 0 0.0 0 512
1020 512 3.3 0 0.0 0 512
1022 512 3.3 0 0.0 0 512
1024 512 3.3 0 0.0 0 512
1026 512 3.3 0 0.0 0 512
1028 512 3.3 0 0.0 0 512
1030 512 3.3 0 0.0 0 512
1032 512 3.3 0 0.0 0 512
1034 512 3.3 0 0.0 0 512
1036 512 3.3 0 0.0 0 512
1038 512 3.3 0 0.0 0 512
1040 512 3.3 0 0.0 0 512
1042 512 3.3 0 0.0 0 512
1044 512 3.3 0 0.0 0 512
1046 512 3.3 0 0.0 0 512
1048 512 3.3 0 0.0 0 512
1050 512 3.3 0 0.0 0 512
1052 512 3.3 0 0.0 0 512
1054 512 3.3 0 0.0 0 512
1056 512 3.3 0 0.0 0 512
1058 512 3.3 0 0.0 0 512
1060 512 3.3 0 0.0 0 512
1062 512 3.3 0 0.0 0 512
1064 512 3.3 0 0.0 0 512
1066 512 3.3 0 0.0 0 512
1068 512 3.3 0 0.0 0 512
1070 512 3.3 0 0.0 0 512
1072 512 3.3 0 0.0 0 512
1074 512 3.3 0 0.0 0 512
1076 512 3.3 0 0.0 0 512
1078 512 3.3 0 0.0 0 512
1080 512 3.3 0 0.0 0 512
1082 512 3.3 0 0.0 0 512
1084 512 3.3 0 0.0 0 512
1086 512 3.3 0 0.0 0 512
1088 512 3.3 0 0.0 0 512
1090 512 3.3 0 0.0 0 512
1092 512 3.3 0 0.0 0 512
1094 512 3.3 0 0.0 0 512
1096 512 3.3 0 0.0 0 512
1098 512 3.3 0 0.0 0 512
1100 512 3.3 0 0.0 0 512
1102 512 3.3 0 0.0 0 512
1104 512 3.3 0 0.0 0 512
1106 512 3.3 0 0.0 0 512
1108 512 3.3 0 0.0 0 512
1110 512 3.3 0 0.0 0 512
1112 512 3.3 0 0.0 0 512
1114 512 3.3 0 0.0 0 512
1116 512 3.3 0 0.0 0 512
1118 512 3.3 0 0.0 0 512
1120 512 3.3 0 0.0 0 512
1122 512 3.3 0 0.0 0 512
1124 512 3.3 0 0.0 0 512
1126 512 3.3 0 0.0 0 512
1128 512 3.3 0 0.0 0 512
1130 512 3.3 0 0.0 0 512
1132 512 3.3 0 0.0 0 512
1134 512 3.3 0 0.0 0 512
1136 512 3.3 0 0.0 0 512
1138 512 3.3 0 0.0 0 512
1140 512 3.3 0 0.0 0 512
1142 512 3.3 0 0.0 0 512
1144 512 3.3 0 0.0 0 512
1146 512 3.3 0 0.0 0 512
1148 512 3.3 0 0.0 0 512
1150 512 3.3 0 0.0 0 512
1152 512 3.3 0 0.0 0 512
1154 512 3.3 0 0.0 0 512
1156 512 3.3 0 0.0 0 512
1158 512 3.3 0 0.0 0 512
1160 512 3.3 0 0.0 0 512
1162 512 3.3 0 0.0 0 512
1164 512 3.3 0 0.0 0 512
1166 512 3.3 0 0.0 0 512
1168 512 3.3 0 0.0 0 512
1170 512 3.3 0 0.0 0 512
1172 512 3.3 0 0.0 0 512
1174 512 3.3 0 0.0 0 512
1176 512 3.3 0 0.0 0 512
1178 512 3.3 0 0.0 0 512
1180 512 3.3 0 0.0 0 512
1182 512 3.3 0 0.0 0 512
1184 512 3.3 0 0.0 0 512
1186 512 3.3 0 0.0 0 512
1188 512 3.3 0 0.0 0 512
1190 512 3.3 0 0.0 0 512
1192 512 3.3 0 0.0 0 512
1194 512 3.3 0 0.0 0 512
1196 512 3.3 0 0.0 0 512
1198 512 3.3 0 0.0 0 512
1200 512 3.3 0 0.0 0 512
1202 512 3.3 0 0.0 0 512
1204 512 3.3 0 0.0 0 512
1206 512 3.3 0 0.0 0 512
1208 512 3.3 0 0.0 0 512
1210 512 3.3 0 0.0 0 512
1212 512 3.3 0 0.0 0 512
1214 512 3.3 0 0.0 0 512
1216 512 3.3 0 0.0 0 512
1218 512 3.3 0 0.0 0 512
1220 512 3.3 0 0.0 0 512
1222 512 3.3 0 0.0 0 512
1224 512 3.3 0 0.0 0 512
1226 512 3.3 0 0.0 0 512
1228 512 3.3 0 0.0 0 512
1230 512 3.3 0 0.0 0 512
1232 512 3.3 0 0.0 0 512
1234 512 3.3 0 0.0 0 512
1236 512 3.3 0 0.0 0 512
1238 512 3.3 0 0.0 0 512
1240 512 3.3 0 0.0 0 512
1242 512 3.3 0 0.0 0 512
1244 512 3.3 0 0.0 0 512
1246 512 3.3 0 0.0 0 512
1248 512 3.3 0 0.0 0 512
1250 512 3.3 0 0.0 0 512
1252 512 3.3 0 0.0 0 512
1254 512 3.3 0 0.0 0 512
1256 512 3.3 0 0.0 0 512
1258 512 3.3 0 0.0 0 512
1260 512 3.3 0 0.0 0 512
1262 512 3.3 0 0.0 0 512
1264 512 3.3 0 0.0 0 512
1266 512 3.3 0 0.0 0 512
1268 512 3.3 0 0.0 0 512
1270 512 3.3 0 0.0 0 512
1272 512 3.3 0 0.0 0 512
1274 512 3.3 0 0.0 0 512
1276 512 3.3 0 0.0 0 512
1278 512 3.3 0 0.0 0 512
1280 512 3.3 0 0.0 0 512
1282 512 3.3 0 0.0 0 512
1284 512 3.3 0 0.0 0 512
1286 512 3.3 0 0.0 0 512
1288 512 3.3 0 0.0 0 512
1290 512 3.3 0 0.0 0 512
1292 512 3.3 0 0.0 0 512
1294 512 3.3 0 0.0 0 512
1296 512 3.3 0 0.0 0 512
1298 512 3.3 0 0.0 0 512
1300 512 3.3 0 0.0 0 512
1302 512 3.3 0 0.0 0 512
1304 512 3.3 0 0.0 0 512
1306 512 3.3 0 0.0 0 512
1308 512 3.3 0 0.0 0 512
1310 512 3.3 0 0.0 0 512
1312 512 3.3 0 0.0 0 512
1314 512 3.3 0 0.0 0 512
1316 512 3.3 0 0.0 0 512
1318 512 3.3 0 0.0 0 512
1320 512 3.3 0 0.0 0 512
1322 512 3.3 0 0.0 0 512
1324 512 3.3 0 0.0 0 512
1326 512 3.3 0 0.0 0 512
1328 512 3.3 0 0.0 0 512
1330 512 3.3 0 0.0 0 512
1332 512 3.3 0 0.0 0 512
1334 512 3.3 0 0.0 0 512
1336 512 3.3 0 0.0 0 512
1338 512 3.3 0 0.0 0 512
1340 512 3.3 0 0.0 0 512
1342 512 3.3 0 0.0 0 512
1344 512 3.3 0 0.0 0 512
1346 512 3.3 0 0.0 0 512
1348 512 3.3 0 0.0 0 512
1350 512 3.3 0 0.0 0 512
1352 512 3.3 0 0.0 0 512
1354 512 3.3 0 0.0 0 512
1356 512 3.3 0 0.0 0 512
1358 512 3.3 0 0.0 0 512
1360 512 3.3 0 0.0 0 512
1362 512 3.3 0 0.0 0 512
1364 512 3.3 0 0.0 0 512
1366 512 3.3 0 0.0 0 512
1368 512 3.3 0 0.0 0 512
1370 512 3.3 0 0.0 0 512
1372 512 3.3 0 0.0 0 512
1374 512 3.3 0 0.0 0 512
1376 512 3.3 0 0.0 0 512
1378 512 3.3 0 0.0 0 512
1380 512 3.3 0 0.0 0 512
1382 512 3.3 0 0.0 0 512
1384 512 3.3 0 0.0 0 512
1386 512 3.3 0 0.0 0 512
1388 512 3.3 0 0.0 0 512
1390 512 3.3 0 0.0 0 512
1392 512 3.3 0 0.0 0 512
1394 512 3.3 0 0.0 0 512
1396 512 3.3 0 0.0 0 512
1398 512 3.3 0 0.0 0 512
1400 512 3.3 0 0.0 0 512
1402 512 3.3 0 0.0 0 512
1404 512 3.3 0 0.0 0 512
1406 512 3.3 0 0.0 0 512
1408 512 3.3 0 0.0 0 512
1410 512 3.3 0 0.0 0 512
1412 512 3.3 0 0.0 0 512
1414 512 3.3 0 0.0 0 512
1416 512 3.3 0 0.0 0 512
1418 512 3.3 0 0.0 0 512
1420 512 3.3 0 0.0 0 512
1422 512 3.3 0 0.0 0 512
1424 512 3.3 0 0.0 0 512
1426 512 3.3 0 0.0 0 512
1428 512 3.3 0 0.0 0 512
1430 512 3.3 0 0.0 0 512
1432 512 3.3 0 0.0 0 512
1434 512 3.3 0 0.0 0 512
1436 512 3.3 0 0.0 0 512
1438 512 3.3 0 0.0 0 512
1440 512 3.3 0 0.0 0 512
