Time PAo1_Count PAo1_Conc Acetate_Count Acetate_Conc PAo1_Died bacteria_couldn't_eat
0 4 0.02 77081 2.4 0 0
2 4 0.02 77081 2.4 0 0
4 4 0.03 76840 2.39 0 0
6 8 0.04 76489 2.38 0 0
8 8 0.06 75967 2.37 0 0
10 16 0.09 75211 2.34 0 0
12 16 0.13 74108 2.31 0 0
14 32 0.18 72557 2.26 0 0
16 32 0.26 70343 2.19 0 0
18 62 0.38 67280 2.09 0 0
20 64 0.53 63231 1.97 0 3
22 115 0.73 58064 1.81 0 1
24 117 0.94 52649 1.64 0 22
26 184 1.2 46828 1.46 0 15
28 207 1.42 41599 1.29 0 54
30 242 1.6 37277 1.16 0 49
32 257 1.76 33680 1.05 0 95
34 278 1.92 30127 0.94 0 115
36 300 2.09 26316 0.82 0 133
38 322 2.25 22548 0.7 0 159
40 349 2.41 19032 0.59 0 186
42 369 2.59 14706 0.46 0 198
44 397 2.8 9879 0.31 0 211
46 429 3.02 4714 0.15 0 227
48 451 3.18 988 0.03 0 271
50 458 3.22 40 0.0 0 330
52 458 3.23 0 0.0 0 432
54 458 3.23 0 0.0 0 458
56 458 3.23 0 0.0 0 458
58 458 3.23 0 0.0 0 458
60 458 3.23 0 0.0 0 458
62 458 3.23 0 0.0 0 458
64 458 3.23 0 0.0 0 458
66 458 3.23 0 0.0 0 458
68 458 3.23 0 0.0 0 458
70 458 3.23 0 0.0 0 458
72 458 3.23 0 0.0 0 458
74 458 3.23 0 0.0 0 458
76 458 3.23 0 0.0 0 458
78 458 3.23 0 0.0 0 458
80 458 3.23 0 0.0 0 458
82 458 3.23 0 0.0 0 458
84 458 3.23 0 0.0 0 458
86 458 3.23 0 0.0 0 458
88 458 3.23 0 0.0 0 458
90 458 3.23 0 0.0 0 458
92 458 3.23 0 0.0 0 458
94 458 3.23 0 0.0 0 458
96 458 3.23 0 0.0 0 458
98 458 3.23 0 0.0 0 458
100 458 3.23 0 0.0 0 458
102 458 3.23 0 0.0 0 458
104 458 3.23 0 0.0 0 458
106 458 3.23 0 0.0 0 458
108 458 3.23 0 0.0 0 458
110 458 3.23 0 0.0 0 458
112 458 3.23 0 0.0 0 458
114 458 3.23 0 0.0 0 458
116 458 3.23 0 0.0 0 458
118 458 3.23 0 0.0 0 458
120 458 3.23 0 0.0 0 458
122 458 3.23 0 0.0 0 458
124 458 3.23 0 0.0 0 458
126 458 3.23 0 0.0 0 458
128 458 3.23 0 0.0 0 458
130 458 3.23 0 0.0 0 458
132 458 3.23 0 0.0 0 458
134 458 3.23 0 0.0 0 458
136 458 3.23 0 0.0 0 458
138 458 3.23 0 0.0 0 458
140 458 3.23 0 0.0 0 458
142 458 3.23 0 0.0 0 458
144 458 3.23 0 0.0 0 458
146 458 3.23 0 0.0 0 458
148 458 3.23 0 0.0 0 458
150 458 3.23 0 0.0 0 458
152 458 3.23 0 0.0 0 458
154 458 3.23 0 0.0 0 458
156 458 3.23 0 0.0 0 458
158 458 3.23 0 0.0 0 458
160 458 3.23 0 0.0 0 458
162 458 3.23 0 0.0 0 458
164 458 3.23 0 0.0 0 458
166 458 3.23 0 0.0 0 458
168 458 3.23 0 0.0 0 458
170 458 3.23 0 0.0 0 458
172 458 3.23 0 0.0 0 458
174 458 3.23 0 0.0 0 458
176 458 3.23 0 0.0 0 458
178 458 3.23 0 0.0 0 458
180 458 3.23 0 0.0 0 458
182 458 3.23 0 0.0 0 458
184 458 3.23 0 0.0 0 458
186 458 3.23 0 0.0 0 458
188 458 3.23 0 0.0 0 458
190 458 3.23 0 0.0 0 458
192 458 3.23 0 0.0 0 458
194 458 3.23 0 0.0 0 458
196 458 3.23 0 0.0 0 458
198 458 3.23 0 0.0 0 458
200 458 3.23 0 0.0 0 458
202 458 3.23 0 0.0 0 458
204 458 3.23 0 0.0 0 458
206 458 3.23 0 0.0 0 458
208 458 3.23 0 0.0 0 458
210 458 3.23 0 0.0 0 458
212 458 3.23 0 0.0 0 458
214 458 3.23 0 0.0 0 458
216 458 3.23 0 0.0 0 458
218 458 3.23 0 0.0 0 458
220 458 3.23 0 0.0 0 458
222 458 3.23 0 0.0 0 458
224 458 3.23 0 0.0 0 458
226 458 3.23 0 0.0 0 458
228 458 3.23 0 0.0 0 458
230 458 3.23 0 0.0 0 458
232 458 3.23 0 0.0 0 458
234 458 3.23 0 0.0 0 458
236 458 3.23 0 0.0 0 458
238 458 3.23 0 0.0 0 458
240 458 3.23 0 0.0 0 458
242 458 3.23 0 0.0 0 458
244 458 3.23 0 0.0 0 458
246 458 3.23 0 0.0 0 458
248 458 3.23 0 0.0 0 458
250 458 3.23 0 0.0 0 458
252 458 3.23 0 0.0 0 458
254 458 3.23 0 0.0 0 458
256 458 3.23 0 0.0 0 458
258 458 3.23 0 0.0 0 458
260 458 3.23 0 0.0 0 458
262 458 3.23 0 0.0 0 458
264 458 3.23 0 0.0 0 458
266 458 3.23 0 0.0 0 458
268 458 3.23 0 0.0 0 458
270 458 3.23 0 0.0 0 458
272 458 3.23 0 0.0 0 458
274 458 3.23 0 0.0 0 458
276 458 3.23 0 0.0 0 458
278 458 3.23 0 0.0 0 458
280 458 3.23 0 0.0 0 458
282 458 3.23 0 0.0 0 458
284 458 3.23 0 0.0 0 458
286 458 3.23 0 0.0 0 458
288 458 3.23 0 0.0 0 458
290 458 3.23 0 0.0 0 458
292 458 3.23 0 0.0 0 458
294 458 3.23 0 0.0 0 458
296 458 3.23 0 0.0 0 458
298 458 3.23 0 0.0 0 458
300 458 3.23 0 0.0 0 458
302 458 3.23 0 0.0 0 458
304 458 3.23 0 0.0 0 458
306 458 3.23 0 0.0 0 458
308 458 3.23 0 0.0 0 458
310 458 3.23 0 0.0 0 458
312 458 3.23 0 0.0 0 458
314 458 3.23 0 0.0 0 458
316 458 3.23 0 0.0 0 458
318 458 3.23 0 0.0 0 458
320 458 3.23 0 0.0 0 458
322 458 3.23 0 0.0 0 458
324 458 3.23 0 0.0 0 458
326 458 3.23 0 0.0 0 458
328 458 3.23 0 0.0 0 458
330 458 3.23 0 0.0 0 458
332 458 3.23 0 0.0 0 458
334 458 3.23 0 0.0 0 458
336 458 3.23 0 0.0 0 458
338 458 3.23 0 0.0 0 458
340 458 3.23 0 0.0 0 458
342 458 3.23 0 0.0 0 458
344 458 3.23 0 0.0 0 458
346 458 3.23 0 0.0 0 458
348 458 3.23 0 0.0 0 458
350 458 3.23 0 0.0 0 458
352 458 3.23 0 0.0 0 458
354 458 3.23 0 0.0 0 458
356 458 3.23 0 0.0 0 458
358 458 3.23 0 0.0 0 458
360 458 3.23 0 0.0 0 458
362 458 3.23 0 0.0 0 458
364 458 3.23 0 0.0 0 458
366 458 3.23 0 0.0 0 458
368 458 3.23 0 0.0 0 458
370 458 3.23 0 0.0 0 458
372 458 3.23 0 0.0 0 458
374 458 3.23 0 0.0 0 458
376 458 3.23 0 0.0 0 458
378 458 3.23 0 0.0 0 458
380 458 3.23 0 0.0 0 458
382 458 3.23 0 0.0 0 458
384 458 3.23 0 0.0 0 458
386 458 3.23 0 0.0 0 458
388 458 3.23 0 0.0 0 458
390 458 3.23 0 0.0 0 458
392 458 3.23 0 0.0 0 458
394 458 3.23 0 0.0 0 458
396 458 3.23 0 0.0 0 458
398 458 3.23 0 0.0 0 458
400 458 3.23 0 0.0 0 458
402 458 3.23 0 0.0 0 458
404 458 3.23 0 0.0 0 458
406 458 3.23 0 0.0 0 458
408 458 3.23 0 0.0 0 458
410 458 3.23 0 0.0 0 458
412 458 3.23 0 0.0 0 458
414 458 3.23 0 0.0 0 458
416 458 3.23 0 0.0 0 458
418 458 3.23 0 0.0 0 458
420 458 3.23 0 0.0 0 458
422 458 3.23 0 0.0 0 458
424 458 3.23 0 0.0 0 458
426 458 3.23 0 0.0 0 458
428 458 3.23 0 0.0 0 458
430 458 3.23 0 0.0 0 458
432 458 3.23 0 0.0 0 458
434 458 3.23 0 0.0 0 458
436 458 3.23 0 0.0 0 458
438 458 3.23 0 0.0 0 458
440 458 3.23 0 0.0 0 458
442 458 3.23 0 0.0 0 458
444 458 3.23 0 0.0 0 458
446 458 3.23 0 0.0 0 458
448 458 3.23 0 0.0 0 458
450 458 3.23 0 0.0 0 458
452 458 3.23 0 0.0 0 458
454 458 3.23 0 0.0 0 458
456 458 3.23 0 0.0 0 458
458 458 3.23 0 0.0 0 458
460 458 3.23 0 0.0 0 458
462 458 3.23 0 0.0 0 458
464 458 3.23 0 0.0 0 458
466 458 3.23 0 0.0 0 458
468 458 3.23 0 0.0 0 458
470 458 3.23 0 0.0 0 458
472 458 3.23 0 0.0 0 458
474 458 3.23 0 0.0 0 458
476 458 3.23 0 0.0 0 458
478 458 3.23 0 0.0 0 458
480 458 3.23 0 0.0 0 458
482 458 3.23 0 0.0 0 458
484 458 3.23 0 0.0 0 458
486 458 3.23 0 0.0 0 458
488 458 3.23 0 0.0 0 458
490 458 3.23 0 0.0 0 458
492 458 3.23 0 0.0 0 458
494 458 3.23 0 0.0 0 458
496 458 3.23 0 0.0 0 458
498 458 3.23 0 0.0 0 458
500 458 3.23 0 0.0 0 458
502 458 3.23 0 0.0 0 458
504 458 3.23 0 0.0 0 458
506 458 3.23 0 0.0 0 458
508 458 3.23 0 0.0 0 458
510 458 3.23 0 0.0 0 458
512 458 3.23 0 0.0 0 458
514 458 3.23 0 0.0 0 458
516 458 3.23 0 0.0 0 458
518 458 3.23 0 0.0 0 458
520 458 3.23 0 0.0 0 458
522 458 3.23 0 0.0 0 458
524 458 3.23 0 0.0 0 458
526 458 3.23 0 0.0 0 458
528 458 3.23 0 0.0 0 458
530 458 3.23 0 0.0 0 458
532 458 3.23 0 0.0 0 458
534 458 3.23 0 0.0 0 458
536 458 3.23 0 0.0 0 458
538 458 3.23 0 0.0 0 458
540 458 3.23 0 0.0 0 458
542 458 3.23 0 0.0 0 458
544 458 3.23 0 0.0 0 458
546 458 3.23 0 0.0 0 458
548 458 3.23 0 0.0 0 458
550 458 3.23 0 0.0 0 458
552 458 3.23 0 0.0 0 458
554 458 3.23 0 0.0 0 458
556 458 3.23 0 0.0 0 458
558 458 3.23 0 0.0 0 458
560 458 3.23 0 0.0 0 458
562 458 3.23 0 0.0 0 458
564 458 3.23 0 0.0 0 458
566 458 3.23 0 0.0 0 458
568 458 3.23 0 0.0 0 458
570 458 3.23 0 0.0 0 458
572 458 3.23 0 0.0 0 458
574 458 3.23 0 0.0 0 458
576 458 3.23 0 0.0 0 458
578 458 3.23 0 0.0 0 458
580 458 3.23 0 0.0 0 458
582 458 3.23 0 0.0 0 458
584 458 3.23 0 0.0 0 458
586 458 3.23 0 0.0 0 458
588 458 3.23 0 0.0 0 458
590 458 3.23 0 0.0 0 458
592 458 3.23 0 0.0 0 458
594 458 3.23 0 0.0 0 458
596 458 3.23 0 0.0 0 458
598 458 3.23 0 0.0 0 458
600 458 3.23 0 0.0 0 458
602 458 3.23 0 0.0 0 458
604 458 3.23 0 0.0 0 458
606 458 3.23 0 0.0 0 458
608 458 3.23 0 0.0 0 458
610 458 3.23 0 0.0 0 458
612 458 3.23 0 0.0 0 458
614 458 3.23 0 0.0 0 458
616 458 3.23 0 0.0 0 458
618 458 3.23 0 0.0 0 458
620 458 3.23 0 0.0 0 458
622 458 3.23 0 0.0 0 458
624 458 3.23 0 0.0 0 458
626 458 3.23 0 0.0 0 458
628 458 3.23 0 0.0 0 458
630 458 3.23 0 0.0 0 458
632 458 3.23 0 0.0 0 458
634 458 3.23 0 0.0 0 458
636 458 3.23 0 0.0 0 458
638 458 3.23 0 0.0 0 458
640 458 3.23 0 0.0 0 458
642 458 3.23 0 0.0 0 458
644 458 3.23 0 0.0 0 458
646 458 3.23 0 0.0 0 458
648 458 3.23 0 0.0 0 458
650 458 3.23 0 0.0 0 458
652 458 3.23 0 0.0 0 458
654 458 3.23 0 0.0 0 458
656 458 3.23 0 0.0 0 458
658 458 3.23 0 0.0 0 458
660 458 3.23 0 0.0 0 458
662 458 3.23 0 0.0 0 458
664 458 3.23 0 0.0 0 458
666 458 3.23 0 0.0 0 458
668 458 3.23 0 0.0 0 458
670 458 3.23 0 0.0 0 458
672 458 3.23 0 0.0 0 458
674 458 3.23 0 0.0 0 458
676 458 3.23 0 0.0 0 458
678 458 3.23 0 0.0 0 458
680 458 3.23 0 0.0 0 458
682 458 3.23 0 0.0 0 458
684 458 3.23 0 0.0 0 458
686 458 3.23 0 0.0 0 458
688 458 3.23 0 0.0 0 458
690 458 3.23 0 0.0 0 458
692 458 3.23 0 0.0 0 458
694 458 3.23 0 0.0 0 458
696 458 3.23 0 0.0 0 458
698 458 3.23 0 0.0 0 458
700 458 3.23 0 0.0 0 458
702 458 3.23 0 0.0 0 458
704 458 3.23 0 0.0 0 458
706 458 3.23 0 0.0 0 458
708 458 3.23 0 0.0 0 458
710 458 3.23 0 0.0 0 458
712 458 3.23 0 0.0 0 458
714 458 3.23 0 0.0 0 458
716 458 3.23 0 0.0 0 458
718 458 3.23 0 0.0 0 458
720 458 3.23 0 0.0 0 458
722 458 3.23 0 0.0 0 458
724 458 3.23 0 0.0 0 458
726 458 3.23 0 0.0 0 458
728 458 3.23 0 0.0 0 458
730 458 3.23 0 0.0 0 458
732 458 3.23 0 0.0 0 458
734 458 3.23 0 0.0 0 458
736 458 3.23 0 0.0 0 458
738 458 3.23 0 0.0 0 458
740 458 3.23 0 0.0 0 458
742 458 3.23 0 0.0 0 458
744 458 3.23 0 0.0 0 458
746 458 3.23 0 0.0 0 458
748 458 3.23 0 0.0 0 458
750 458 3.23 0 0.0 0 458
752 458 3.23 0 0.0 0 458
754 458 3.23 0 0.0 0 458
756 458 3.23 0 0.0 0 458
758 458 3.23 0 0.0 0 458
760 458 3.23 0 0.0 0 458
762 458 3.23 0 0.0 0 458
764 458 3.23 0 0.0 0 458
766 458 3.23 0 0.0 0 458
768 458 3.23 0 0.0 0 458
770 458 3.23 0 0.0 0 458
772 458 3.23 0 0.0 0 458
774 458 3.23 0 0.0 0 458
776 458 3.23 0 0.0 0 458
778 458 3.23 0 0.0 0 458
780 458 3.23 0 0.0 0 458
782 458 3.23 0 0.0 0 458
784 458 3.23 0 0.0 0 458
786 458 3.23 0 0.0 0 458
788 458 3.23 0 0.0 0 458
790 458 3.23 0 0.0 0 458
792 458 3.23 0 0.0 0 458
794 458 3.23 0 0.0 0 458
796 458 3.23 0 0.0 0 458
798 458 3.23 0 0.0 0 458
800 458 3.23 0 0.0 0 458
802 458 3.23 0 0.0 0 458
804 458 3.23 0 0.0 0 458
806 458 3.23 0 0.0 0 458
808 458 3.23 0 0.0 0 458
810 458 3.23 0 0.0 0 458
812 458 3.23 0 0.0 0 458
814 458 3.23 0 0.0 0 458
816 458 3.23 0 0.0 0 458
818 458 3.23 0 0.0 0 458
820 458 3.23 0 0.0 0 458
822 458 3.23 0 0.0 0 458
824 458 3.23 0 0.0 0 458
826 458 3.23 0 0.0 0 458
828 458 3.23 0 0.0 0 458
830 458 3.23 0 0.0 0 458
832 458 3.23 0 0.0 0 458
834 458 3.23 0 0.0 0 458
836 458 3.23 0 0.0 0 458
838 458 3.23 0 0.0 0 458
840 458 3.23 0 0.0 0 458
842 458 3.23 0 0.0 0 458
844 458 3.23 0 0.0 0 458
846 458 3.23 0 0.0 0 458
848 458 3.23 0 0.0 0 458
850 458 3.23 0 0.0 0 458
852 458 3.23 0 0.0 0 458
854 458 3.23 0 0.0 0 458
856 458 3.23 0 0.0 0 458
858 458 3.23 0 0.0 0 458
860 458 3.23 0 0.0 0 458
862 458 3.23 0 0.0 0 458
864 458 3.23 0 0.0 0 458
866 458 3.23 0 0.0 0 458
868 458 3.23 0 0.0 0 458
870 458 3.23 0 0.0 0 458
872 458 3.23 0 0.0 0 458
874 458 3.23 0 0.0 0 458
876 458 3.23 0 0.0 0 458
878 458 3.23 0 0.0 0 458
880 458 3.23 0 0.0 0 458
882 458 3.23 0 0.0 0 458
884 458 3.23 0 0.0 0 458
886 458 3.23 0 0.0 0 458
888 458 3.23 0 0.0 0 458
890 458 3.23 0 0.0 0 458
892 458 3.23 0 0.0 0 458
894 458 3.23 0 0.0 0 458
896 458 3.23 0 0.0 0 458
898 458 3.23 0 0.0 0 458
900 458 3.23 0 0.0 0 458
902 458 3.23 0 0.0 0 458
904 458 3.23 0 0.0 0 458
906 458 3.23 0 0.0 0 458
908 458 3.23 0 0.0 0 458
910 458 3.23 0 0.0 0 458
912 458 3.23 0 0.0 0 458
914 458 3.23 0 0.0 0 458
916 458 3.23 0 0.0 0 458
918 458 3.23 0 0.0 0 458
920 458 3.23 0 0.0 0 458
922 458 3.23 0 0.0 0 458
924 458 3.23 0 0.0 0 458
926 458 3.23 0 0.0 0 458
928 458 3.23 0 0.0 0 458
930 458 3.23 0 0.0 0 458
932 458 3.23 0 0.0 0 458
934 458 3.23 0 0.0 0 458
936 458 3.23 0 0.0 0 458
938 458 3.23 0 0.0 0 458
940 458 3.23 0 0.0 0 458
942 458 3.23 0 0.0 0 458
944 458 3.23 0 0.0 0 458
946 458 3.23 0 0.0 0 458
948 458 3.23 0 0.0 0 458
950 458 3.23 0 0.0 0 458
952 458 3.23 0 0.0 0 458
954 458 3.23 0 0.0 0 458
956 458 3.23 0 0.0 0 458
958 458 3.23 0 0.0 0 458
960 458 3.23 0 0.0 0 458
962 458 3.23 0 0.0 0 458
964 458 3.23 0 0.0 0 458
966 458 3.23 0 0.0 0 458
968 458 3.23 0 0.0 0 458
970 458 3.23 0 0.0 0 458
972 458 3.23 0 0.0 0 458
974 458 3.23 0 0.0 0 458
976 458 3.23 0 0.0 0 458
978 458 3.23 0 0.0 0 458
980 458 3.23 0 0.0 0 458
982 458 3.23 0 0.0 0 458
984 458 3.23 0 0.0 0 458
986 458 3.23 0 0.0 0 458
988 458 3.23 0 0.0 0 458
990 458 3.23 0 0.0 0 458
992 458 3.23 0 0.0 0 458
994 458 3.23 0 0.0 0 458
996 458 3.23 0 0.0 0 458
998 458 3.23 0 0.0 0 458
1000 458 3.23 0 0.0 0 458
1002 458 3.23 0 0.0 0 458
1004 458 3.23 0 0.0 0 458
1006 458 3.23 0 0.0 0 458
1008 458 3.23 0 0.0 0 458
1010 458 3.23 0 0.0 0 458
1012 458 3.23 0 0.0 0 458
1014 458 3.23 0 0.0 0 458
1016 458 3.23 0 0.0 0 458
1018 458 3.23 0 0.0 0 458
1020 458 3.23 0 0.0 0 458
1022 458 3.23 0 0.0 0 458
1024 458 3.23 0 0.0 0 458
1026 458 3.23 0 0.0 0 458
1028 458 3.23 0 0.0 0 458
1030 458 3.23 0 0.0 0 458
1032 458 3.23 0 0.0 0 458
1034 458 3.23 0 0.0 0 458
1036 458 3.23 0 0.0 0 458
1038 458 3.23 0 0.0 0 458
1040 458 3.23 0 0.0 0 458
1042 458 3.23 0 0.0 0 458
1044 458 3.23 0 0.0 0 458
1046 458 3.23 0 0.0 0 458
1048 458 3.23 0 0.0 0 458
1050 458 3.23 0 0.0 0 458
1052 458 3.23 0 0.0 0 458
1054 458 3.23 0 0.0 0 458
1056 458 3.23 0 0.0 0 458
1058 458 3.23 0 0.0 0 458
1060 458 3.23 0 0.0 0 458
1062 458 3.23 0 0.0 0 458
1064 458 3.23 0 0.0 0 458
1066 458 3.23 0 0.0 0 458
1068 458 3.23 0 0.0 0 458
1070 458 3.23 0 0.0 0 458
1072 458 3.23 0 0.0 0 458
1074 458 3.23 0 0.0 0 458
1076 458 3.23 0 0.0 0 458
1078 458 3.23 0 0.0 0 458
1080 458 3.23 0 0.0 0 458
1082 458 3.23 0 0.0 0 458
1084 458 3.23 0 0.0 0 458
1086 458 3.23 0 0.0 0 458
1088 458 3.23 0 0.0 0 458
1090 458 3.23 0 0.0 0 458
1092 458 3.23 0 0.0 0 458
1094 458 3.23 0 0.0 0 458
1096 458 3.23 0 0.0 0 458
1098 458 3.23 0 0.0 0 458
1100 458 3.23 0 0.0 0 458
1102 458 3.23 0 0.0 0 458
1104 458 3.23 0 0.0 0 458
1106 458 3.23 0 0.0 0 458
1108 458 3.23 0 0.0 0 458
1110 458 3.23 0 0.0 0 458
1112 458 3.23 0 0.0 0 458
1114 458 3.23 0 0.0 0 458
1116 458 3.23 0 0.0 0 458
1118 458 3.23 0 0.0 0 458
1120 458 3.23 0 0.0 0 458
1122 458 3.23 0 0.0 0 458
1124 458 3.23 0 0.0 0 458
1126 458 3.23 0 0.0 0 458
1128 458 3.23 0 0.0 0 458
1130 458 3.23 0 0.0 0 458
1132 458 3.23 0 0.0 0 458
1134 458 3.23 0 0.0 0 458
1136 458 3.23 0 0.0 0 458
1138 458 3.23 0 0.0 0 458
1140 458 3.23 0 0.0 0 458
1142 458 3.23 0 0.0 0 458
1144 458 3.23 0 0.0 0 458
1146 458 3.23 0 0.0 0 458
1148 458 3.23 0 0.0 0 458
1150 458 3.23 0 0.0 0 458
1152 458 3.23 0 0.0 0 458
1154 458 3.23 0 0.0 0 458
1156 458 3.23 0 0.0 0 458
1158 458 3.23 0 0.0 0 458
1160 458 3.23 0 0.0 0 458
1162 458 3.23 0 0.0 0 458
1164 458 3.23 0 0.0 0 458
1166 458 3.23 0 0.0 0 458
1168 458 3.23 0 0.0 0 458
1170 458 3.23 0 0.0 0 458
1172 458 3.23 0 0.0 0 458
1174 458 3.23 0 0.0 0 458
1176 458 3.23 0 0.0 0 458
1178 457 3.22 0 0.0 1 458
1180 457 3.22 0 0.0 1 457
1182 457 3.22 0 0.0 1 457
1184 457 3.22 0 0.0 1 457
1186 457 3.22 0 0.0 1 457
1188 457 3.22 0 0.0 1 457
1190 457 3.22 0 0.0 1 457
1192 457 3.22 0 0.0 1 457
1194 457 3.22 0 0.0 1 457
1196 457 3.22 0 0.0 1 457
1198 457 3.22 0 0.0 1 457
1200 457 3.22 0 0.0 1 457
1202 457 3.22 0 0.0 1 457
1204 457 3.22 0 0.0 1 457
1206 457 3.22 0 0.0 1 457
1208 457 3.22 0 0.0 1 457
1210 457 3.22 0 0.0 1 457
1212 457 3.22 0 0.0 1 457
1214 457 3.22 0 0.0 1 457
1216 457 3.22 0 0.0 1 457
1218 457 3.22 0 0.0 1 457
1220 457 3.22 0 0.0 1 457
1222 457 3.22 0 0.0 1 457
1224 457 3.22 0 0.0 1 457
1226 457 3.22 0 0.0 1 457
1228 457 3.22 0 0.0 1 457
1230 457 3.22 0 0.0 1 457
1232 457 3.22 0 0.0 1 457
1234 457 3.22 0 0.0 1 457
1236 457 3.22 0 0.0 1 457
1238 457 3.22 0 0.0 1 457
1240 457 3.22 0 0.0 1 457
1242 457 3.22 0 0.0 1 457
1244 457 3.22 0 0.0 1 457
1246 457 3.22 0 0.0 1 457
1248 457 3.22 0 0.0 1 457
1250 457 3.22 0 0.0 1 457
1252 457 3.22 0 0.0 1 457
1254 457 3.22 0 0.0 1 457
1256 457 3.22 0 0.0 1 457
1258 457 3.22 0 0.0 1 457
1260 457 3.22 0 0.0 1 457
1262 457 3.22 0 0.0 1 457
1264 457 3.22 0 0.0 1 457
1266 457 3.22 0 0.0 1 457
1268 457 3.22 0 0.0 1 457
1270 457 3.22 0 0.0 1 457
1272 457 3.22 0 0.0 1 457
1274 457 3.22 0 0.0 1 457
1276 457 3.22 0 0.0 1 457
1278 457 3.22 0 0.0 1 457
1280 457 3.22 0 0.0 1 457
1282 457 3.22 0 0.0 1 457
1284 457 3.22 0 0.0 1 457
1286 457 3.22 0 0.0 1 457
1288 457 3.22 0 0.0 1 457
1290 457 3.22 0 0.0 1 457
1292 457 3.22 0 0.0 1 457
1294 457 3.22 0 0.0 1 457
1296 457 3.22 0 0.0 1 457
1298 457 3.22 0 0.0 1 457
1300 457 3.22 0 0.0 1 457
1302 456 3.21 0 0.0 2 457
1304 456 3.21 0 0.0 2 456
1306 456 3.21 0 0.0 2 456
1308 456 3.21 0 0.0 2 456
1310 456 3.21 0 0.0 2 456
1312 456 3.21 0 0.0 2 456
1314 456 3.21 0 0.0 2 456
1316 456 3.21 0 0.0 2 456
1318 456 3.21 0 0.0 2 456
1320 456 3.21 0 0.0 2 456
1322 456 3.21 0 0.0 2 456
1324 456 3.21 0 0.0 2 456
1326 456 3.21 0 0.0 2 456
1328 456 3.21 0 0.0 2 456
1330 456 3.21 0 0.0 2 456
1332 456 3.21 0 0.0 2 456
1334 456 3.21 0 0.0 2 456
1336 456 3.21 0 0.0 2 456
1338 456 3.21 0 0.0 2 456
1340 456 3.21 0 0.0 2 456
1342 456 3.21 0 0.0 2 456
1344 456 3.21 0 0.0 2 456
1346 456 3.21 0 0.0 2 456
1348 456 3.21 0 0.0 2 456
1350 456 3.21 0 0.0 2 456
1352 456 3.21 0 0.0 2 456
1354 456 3.21 0 0.0 2 456
1356 456 3.21 0 0.0 2 456
1358 456 3.21 0 0.0 2 456
1360 456 3.21 0 0.0 2 456
1362 456 3.21 0 0.0 2 456
1364 456 3.21 0 0.0 2 456
1366 456 3.21 0 0.0 2 456
1368 456 3.21 0 0.0 2 456
1370 456 3.21 0 0.0 2 456
1372 456 3.21 0 0.0 2 456
1374 456 3.21 0 0.0 2 456
1376 456 3.21 0 0.0 2 456
1378 456 3.21 0 0.0 2 456
1380 456 3.21 0 0.0 2 456
1382 456 3.21 0 0.0 2 456
1384 456 3.21 0 0.0 2 456
1386 456 3.21 0 0.0 2 456
1388 456 3.21 0 0.0 2 456
1390 456 3.21 0 0.0 2 456
1392 456 3.21 0 0.0 2 456
1394 456 3.21 0 0.0 2 456
1396 456 3.21 0 0.0 2 456
1398 456 3.21 0 0.0 2 456
1400 456 3.21 0 0.0 2 456
1402 456 3.21 0 0.0 2 456
1404 456 3.21 0 0.0 2 456
1406 456 3.21 0 0.0 2 456
1408 456 3.21 0 0.0 2 456
1410 456 3.21 0 0.0 2 456
1412 456 3.21 0 0.0 2 456
1414 456 3.21 0 0.0 2 456
1416 456 3.21 0 0.0 2 456
1418 456 3.21 0 0.0 2 456
1420 456 3.21 0 0.0 2 456
1422 456 3.21 0 0.0 2 456
1424 456 3.21 0 0.0 2 456
1426 456 3.21 0 0.0 2 456
1428 456 3.21 0 0.0 2 456
1430 456 3.21 0 0.0 2 456
1432 456 3.21 0 0.0 2 456
1434 456 3.21 0 0.0 2 456
1436 456 3.21 0 0.0 2 456
1438 456 3.21 0 0.0 2 456
1440 456 3.21 0 0.0 2 456
