Time Custom..._Count Custom..._Conc Acetate_Count Acetate_Conc Custom..._Died bacteria_couldn't_eat
0 4 0.02 77081 2.4 0 0
2 4 0.02 77081 2.4 0 0
4 4 0.03 76863 2.39 0 0
6 4 0.03 76584 2.38 0 0
8 8 0.05 76229 2.37 0 0
10 8 0.06 75713 2.36 0 0
12 16 0.08 75063 2.34 0 0
14 16 0.11 74153 2.31 0 0
16 16 0.15 73008 2.27 0 0
18 32 0.2 71493 2.22 0 0
20 32 0.26 69352 2.16 0 0
22 64 0.35 66618 2.07 0 0
24 64 0.47 62900 1.96 0 0
26 123 0.62 58195 1.81 0 0
28 127 0.81 51835 1.61 0 1
30 127 1.06 43856 1.36 0 2
32 229 1.37 34916 1.09 0 2
34 242 1.69 25517 0.79 0 35
36 304 2.04 15954 0.5 0 33
38 343 2.32 8717 0.27 0 55
40 358 2.5 3989 0.12 0 80
42 368 2.6 1413 0.04 0 97
44 372 2.64 413 0.01 0 162
46 373 2.65 74 0.0 0 239
48 374 2.66 7 0.0 0 321
50 374 2.66 3 0.0 0 370
52 374 2.66 0 0.0 0 371
54 374 2.66 0 0.0 0 374
56 374 2.66 0 0.0 0 374
58 374 2.66 0 0.0 0 374
60 374 2.66 0 0.0 0 374
62 374 2.66 0 0.0 0 374
64 374 2.66 0 0.0 0 374
66 374 2.66 0 0.0 0 374
68 374 2.66 0 0.0 0 374
70 374 2.66 0 0.0 0 374
72 374 2.66 0 0.0 0 374
74 374 2.66 0 0.0 0 374
76 374 2.66 0 0.0 0 374
78 374 2.66 0 0.0 0 374
80 374 2.66 0 0.0 0 374
82 374 2.66 0 0.0 0 374
84 374 2.66 0 0.0 0 374
86 374 2.66 0 0.0 0 374
88 374 2.66 0 0.0 0 374
90 374 2.66 0 0.0 0 374
92 374 2.66 0 0.0 0 374
94 374 2.66 0 0.0 0 374
96 374 2.66 0 0.0 0 374
98 374 2.66 0 0.0 0 374
100 374 2.66 0 0.0 0 374
102 374 2.66 0 0.0 0 374
104 374 2.66 0 0.0 0 374
106 374 2.66 0 0.0 0 374
108 374 2.66 0 0.0 0 374
110 374 2.66 0 0.0 0 374
112 374 2.66 0 0.0 0 374
114 374 2.66 0 0.0 0 374
116 374 2.66 0 0.0 0 374
118 374 2.66 0 0.0 0 374
120 374 2.66 0 0.0 0 374
122 374 2.66 0 0.0 0 374
124 374 2.66 0 0.0 0 374
126 374 2.66 0 0.0 0 374
128 374 2.66 0 0.0 0 374
130 374 2.66 0 0.0 0 374
132 374 2.66 0 0.0 0 374
134 374 2.66 0 0.0 0 374
136 374 2.66 0 0.0 0 374
138 374 2.66 0 0.0 0 374
140 374 2.66 0 0.0 0 374
142 374 2.66 0 0.0 0 374
144 374 2.66 0 0.0 0 374
146 374 2.66 0 0.0 0 374
148 374 2.66 0 0.0 0 374
150 374 2.66 0 0.0 0 374
152 374 2.66 0 0.0 0 374
154 374 2.66 0 0.0 0 374
156 374 2.66 0 0.0 0 374
158 374 2.66 0 0.0 0 374
160 374 2.66 0 0.0 0 374
162 374 2.66 0 0.0 0 374
164 374 2.66 0 0.0 0 374
166 374 2.66 0 0.0 0 374
168 374 2.66 0 0.0 0 374
170 374 2.66 0 0.0 0 374
172 374 2.66 0 0.0 0 374
174 374 2.66 0 0.0 0 374
176 374 2.66 0 0.0 0 374
178 374 2.66 0 0.0 0 374
180 374 2.66 0 0.0 0 374
182 374 2.66 0 0.0 0 374
184 374 2.66 0 0.0 0 374
186 374 2.66 0 0.0 0 374
188 374 2.66 0 0.0 0 374
190 374 2.66 0 0.0 0 374
192 374 2.66 0 0.0 0 374
194 374 2.66 0 0.0 0 374
196 374 2.66 0 0.0 0 374
198 374 2.66 0 0.0 0 374
200 374 2.66 0 0.0 0 374
202 374 2.66 0 0.0 0 374
204 374 2.66 0 0.0 0 374
206 374 2.66 0 0.0 0 374
208 374 2.66 0 0.0 0 374
210 374 2.66 0 0.0 0 374
212 374 2.66 0 0.0 0 374
214 374 2.66 0 0.0 0 374
216 374 2.66 0 0.0 0 374
218 374 2.66 0 0.0 0 374
220 374 2.66 0 0.0 0 374
222 374 2.66 0 0.0 0 374
224 374 2.66 0 0.0 0 374
226 374 2.66 0 0.0 0 374
228 374 2.66 0 0.0 0 374
230 374 2.66 0 0.0 0 374
232 374 2.66 0 0.0 0 374
234 374 2.66 0 0.0 0 374
236 374 2.66 0 0.0 0 374
238 374 2.66 0 0.0 0 374
240 374 2.66 0 0.0 0 374
242 374 2.66 0 0.0 0 374
244 374 2.66 0 0.0 0 374
246 374 2.66 0 0.0 0 374
248 374 2.66 0 0.0 0 374
250 374 2.66 0 0.0 0 374
252 374 2.66 0 0.0 0 374
254 374 2.66 0 0.0 0 374
256 374 2.66 0 0.0 0 374
258 374 2.66 0 0.0 0 374
260 374 2.66 0 0.0 0 374
262 374 2.66 0 0.0 0 374
264 374 2.66 0 0.0 0 374
266 374 2.66 0 0.0 0 374
268 374 2.66 0 0.0 0 374
270 374 2.66 0 0.0 0 374
272 374 2.66 0 0.0 0 374
274 374 2.66 0 0.0 0 374
276 374 2.66 0 0.0 0 374
278 374 2.66 0 0.0 0 374
280 374 2.66 0 0.0 0 374
282 374 2.66 0 0.0 0 374
284 374 2.66 0 0.0 0 374
286 374 2.66 0 0.0 0 374
288 374 2.66 0 0.0 0 374
290 374 2.66 0 0.0 0 374
292 374 2.66 0 0.0 0 374
294 374 2.66 0 0.0 0 374
296 374 2.66 0 0.0 0 374
298 374 2.66 0 0.0 0 374
300 374 2.66 0 0.0 0 374
302 374 2.66 0 0.0 0 374
304 374 2.66 0 0.0 0 374
306 374 2.66 0 0.0 0 374
308 374 2.66 0 0.0 0 374
310 374 2.66 0 0.0 0 374
312 374 2.66 0 0.0 0 374
314 374 2.66 0 0.0 0 374
316 374 2.66 0 0.0 0 374
318 374 2.66 0 0.0 0 374
320 374 2.66 0 0.0 0 374
322 374 2.66 0 0.0 0 374
324 374 2.66 0 0.0 0 374
326 374 2.66 0 0.0 0 374
328 374 2.66 0 0.0 0 374
330 374 2.66 0 0.0 0 374
332 374 2.66 0 0.0 0 374
334 374 2.66 0 0.0 0 374
336 374 2.66 0 0.0 0 374
338 374 2.66 0 0.0 0 374
340 374 2.66 0 0.0 0 374
342 374 2.66 0 0.0 0 374
344 374 2.66 0 0.0 0 374
346 374 2.66 0 0.0 0 374
348 374 2.66 0 0.0 0 374
350 374 2.66 0 0.0 0 374
352 374 2.66 0 0.0 0 374
354 374 2.66 0 0.0 0 374
356 374 2.66 0 0.0 0 374
358 374 2.66 0 0.0 0 374
360 374 2.66 0 0.0 0 374
362 374 2.66 0 0.0 0 374
364 374 2.66 0 0.0 0 374
366 374 2.66 0 0.0 0 374
368 374 2.66 0 0.0 0 374
370 374 2.66 0 0.0 0 374
372 374 2.66 0 0.0 0 374
374 374 2.66 0 0.0 0 374
376 374 2.66 0 0.0 0 374
378 374 2.66 0 0.0 0 374
380 374 2.66 0 0.0 0 374
382 374 2.66 0 0.0 0 374
384 374 2.66 0 0.0 0 374
386 374 2.66 0 0.0 0 374
388 374 2.66 0 0.0 0 374
390 374 2.66 0 0.0 0 374
392 374 2.66 0 0.0 0 374
394 374 2.66 0 0.0 0 374
396 374 2.66 0 0.0 0 374
398 374 2.66 0 0.0 0 374
400 374 2.66 0 0.0 0 374
402 374 2.66 0 0.0 0 374
404 374 2.66 0 0.0 0 374
406 374 2.66 0 0.0 0 374
408 374 2.66 0 0.0 0 374
410 374 2.66 0 0.0 0 374
412 374 2.66 0 0.0 0 374
414 374 2.66 0 0.0 0 374
416 374 2.66 0 0.0 0 374
418 374 2.66 0 0.0 0 374
420 374 2.66 0 0.0 0 374
422 374 2.66 0 0.0 0 374
424 374 2.66 0 0.0 0 374
426 374 2.66 0 0.0 0 374
428 374 2.66 0 0.0 0 374
430 374 2.66 0 0.0 0 374
432 374 2.66 0 0.0 0 374
434 374 2.66 0 0.0 0 374
436 374 2.66 0 0.0 0 374
438 374 2.66 0 0.0 0 374
440 374 2.66 0 0.0 0 374
442 374 2.66 0 0.0 0 374
444 374 2.66 0 0.0 0 374
446 374 2.66 0 0.0 0 374
448 374 2.66 0 0.0 0 374
450 374 2.66 0 0.0 0 374
452 374 2.66 0 0.0 0 374
454 374 2.66 0 0.0 0 374
456 374 2.66 0 0.0 0 374
458 374 2.66 0 0.0 0 374
460 374 2.66 0 0.0 0 374
462 374 2.66 0 0.0 0 374
464 374 2.66 0 0.0 0 374
466 374 2.66 0 0.0 0 374
468 374 2.66 0 0.0 0 374
470 374 2.66 0 0.0 0 374
472 374 2.66 0 0.0 0 374
474 374 2.66 0 0.0 0 374
476 374 2.66 0 0.0 0 374
478 374 2.66 0 0.0 0 374
480 374 2.66 0 0.0 0 374
482 374 2.66 0 0.0 0 374
484 374 2.66 0 0.0 0 374
486 374 2.66 0 0.0 0 374
488 374 2.66 0 0.0 0 374
490 374 2.66 0 0.0 0 374
492 374 2.66 0 0.0 0 374
494 374 2.66 0 0.0 0 374
496 374 2.66 0 0.0 0 374
498 374 2.66 0 0.0 0 374
500 374 2.66 0 0.0 0 374
502 374 2.66 0 0.0 0 374
504 374 2.66 0 0.0 0 374
506 374 2.66 0 0.0 0 374
508 374 2.66 0 0.0 0 374
510 374 2.66 0 0.0 0 374
512 374 2.66 0 0.0 0 374
514 374 2.66 0 0.0 0 374
516 374 2.66 0 0.0 0 374
518 374 2.66 0 0.0 0 374
520 374 2.66 0 0.0 0 374
522 374 2.66 0 0.0 0 374
524 374 2.66 0 0.0 0 374
526 374 2.66 0 0.0 0 374
528 374 2.66 0 0.0 0 374
530 374 2.66 0 0.0 0 374
532 374 2.66 0 0.0 0 374
534 374 2.66 0 0.0 0 374
536 374 2.66 0 0.0 0 374
538 374 2.66 0 0.0 0 374
540 374 2.66 0 0.0 0 374
542 374 2.66 0 0.0 0 374
544 374 2.66 0 0.0 0 374
546 374 2.66 0 0.0 0 374
548 374 2.66 0 0.0 0 374
550 374 2.66 0 0.0 0 374
552 374 2.66 0 0.0 0 374
554 374 2.66 0 0.0 0 374
556 374 2.66 0 0.0 0 374
558 374 2.66 0 0.0 0 374
560 374 2.66 0 0.0 0 374
562 374 2.66 0 0.0 0 374
564 374 2.66 0 0.0 0 374
566 374 2.66 0 0.0 0 374
568 374 2.66 0 0.0 0 374
570 374 2.66 0 0.0 0 374
572 374 2.66 0 0.0 0 374
574 374 2.66 0 0.0 0 374
576 374 2.66 0 0.0 0 374
578 374 2.66 0 0.0 0 374
580 374 2.66 0 0.0 0 374
582 374 2.66 0 0.0 0 374
584 374 2.66 0 0.0 0 374
586 374 2.66 0 0.0 0 374
588 374 2.66 0 0.0 0 374
590 374 2.66 0 0.0 0 374
592 374 2.66 0 0.0 0 374
594 374 2.66 0 0.0 0 374
596 374 2.66 0 0.0 0 374
598 374 2.66 0 0.0 0 374
600 374 2.66 0 0.0 0 374
602 374 2.66 0 0.0 0 374
604 374 2.66 0 0.0 0 374
606 374 2.66 0 0.0 0 374
608 374 2.66 0 0.0 0 374
610 374 2.66 0 0.0 0 374
612 374 2.66 0 0.0 0 374
614 374 2.66 0 0.0 0 374
616 374 2.66 0 0.0 0 374
618 374 2.66 0 0.0 0 374
620 374 2.66 0 0.0 0 374
622 374 2.66 0 0.0 0 374
624 374 2.66 0 0.0 0 374
626 374 2.66 0 0.0 0 374
628 374 2.66 0 0.0 0 374
630 374 2.66 0 0.0 0 374
632 374 2.66 0 0.0 0 374
634 374 2.66 0 0.0 0 374
636 374 2.66 0 0.0 0 374
638 374 2.66 0 0.0 0 374
640 374 2.66 0 0.0 0 374
642 374 2.66 0 0.0 0 374
644 374 2.66 0 0.0 0 374
646 374 2.66 0 0.0 0 374
648 374 2.66 0 0.0 0 374
650 374 2.66 0 0.0 0 374
652 374 2.66 0 0.0 0 374
654 374 2.66 0 0.0 0 374
656 374 2.66 0 0.0 0 374
658 374 2.66 0 0.0 0 374
660 374 2.66 0 0.0 0 374
662 374 2.66 0 0.0 0 374
664 374 2.66 0 0.0 0 374
666 374 2.66 0 0.0 0 374
668 374 2.66 0 0.0 0 374
670 374 2.66 0 0.0 0 374
672 374 2.66 0 0.0 0 374
674 374 2.66 0 0.0 0 374
676 374 2.66 0 0.0 0 374
678 374 2.66 0 0.0 0 374
680 374 2.66 0 0.0 0 374
682 374 2.66 0 0.0 0 374
684 374 2.66 0 0.0 0 374
686 374 2.66 0 0.0 0 374
688 374 2.66 0 0.0 0 374
690 374 2.66 0 0.0 0 374
692 374 2.66 0 0.0 0 374
694 374 2.66 0 0.0 0 374
696 374 2.66 0 0.0 0 374
698 374 2.66 0 0.0 0 374
700 374 2.66 0 0.0 0 374
702 374 2.66 0 0.0 0 374
704 374 2.66 0 0.0 0 374
706 374 2.66 0 0.0 0 374
708 374 2.66 0 0.0 0 374
710 374 2.66 0 0.0 0 374
712 374 2.66 0 0.0 0 374
714 374 2.66 0 0.0 0 374
716 374 2.66 0 0.0 0 374
718 374 2.66 0 0.0 0 374
720 374 2.66 0 0.0 0 374
722 374 2.66 0 0.0 0 374
724 374 2.66 0 0.0 0 374
726 374 2.66 0 0.0 0 374
728 374 2.66 0 0.0 0 374
730 374 2.66 0 0.0 0 374
732 374 2.66 0 0.0 0 374
734 374 2.66 0 0.0 0 374
736 374 2.66 0 0.0 0 374
738 374 2.66 0 0.0 0 374
740 374 2.66 0 0.0 0 374
742 374 2.66 0 0.0 0 374
744 374 2.66 0 0.0 0 374
746 374 2.66 0 0.0 0 374
748 374 2.66 0 0.0 0 374
750 374 2.66 0 0.0 0 374
752 374 2.66 0 0.0 0 374
754 374 2.66 0 0.0 0 374
756 374 2.66 0 0.0 0 374
758 374 2.66 0 0.0 0 374
760 374 2.66 0 0.0 0 374
762 374 2.66 0 0.0 0 374
764 374 2.66 0 0.0 0 374
766 374 2.66 0 0.0 0 374
768 374 2.66 0 0.0 0 374
770 374 2.66 0 0.0 0 374
772 374 2.66 0 0.0 0 374
774 374 2.66 0 0.0 0 374
776 374 2.66 0 0.0 0 374
778 374 2.66 0 0.0 0 374
780 374 2.66 0 0.0 0 374
782 374 2.66 0 0.0 0 374
784 374 2.66 0 0.0 0 374
786 374 2.66 0 0.0 0 374
788 374 2.66 0 0.0 0 374
790 374 2.66 0 0.0 0 374
792 374 2.66 0 0.0 0 374
794 374 2.66 0 0.0 0 374
796 374 2.66 0 0.0 0 374
798 374 2.66 0 0.0 0 374
800 374 2.66 0 0.0 0 374
802 374 2.66 0 0.0 0 374
804 374 2.66 0 0.0 0 374
806 374 2.66 0 0.0 0 374
808 374 2.66 0 0.0 0 374
810 374 2.66 0 0.0 0 374
812 374 2.66 0 0.0 0 374
814 374 2.66 0 0.0 0 374
816 374 2.66 0 0.0 0 374
818 374 2.66 0 0.0 0 374
820 374 2.66 0 0.0 0 374
822 374 2.66 0 0.0 0 374
824 374 2.66 0 0.0 0 374
826 374 2.66 0 0.0 0 374
828 374 2.66 0 0.0 0 374
830 374 2.66 0 0.0 0 374
832 374 2.66 0 0.0 0 374
834 374 2.66 0 0.0 0 374
836 374 2.66 0 0.0 0 374
838 374 2.66 0 0.0 0 374
840 374 2.66 0 0.0 0 374
842 374 2.66 0 0.0 0 374
844 374 2.66 0 0.0 0 374
846 374 2.66 0 0.0 0 374
848 374 2.66 0 0.0 0 374
850 374 2.66 0 0.0 0 374
852 374 2.66 0 0.0 0 374
854 374 2.66 0 0.0 0 374
856 374 2.66 0 0.0 0 374
858 374 2.66 0 0.0 0 374
860 374 2.66 0 0.0 0 374
862 374 2.66 0 0.0 0 374
864 374 2.66 0 0.0 0 374
866 374 2.66 0 0.0 0 374
868 374 2.66 0 0.0 0 374
870 374 2.66 0 0.0 0 374
872 374 2.66 0 0.0 0 374
874 374 2.66 0 0.0 0 374
876 374 2.66 0 0.0 0 374
878 374 2.66 0 0.0 0 374
880 374 2.66 0 0.0 0 374
882 374 2.66 0 0.0 0 374
884 374 2.66 0 0.0 0 374
886 374 2.66 0 0.0 0 374
888 374 2.66 0 0.0 0 374
890 374 2.66 0 0.0 0 374
892 374 2.66 0 0.0 0 374
894 374 2.66 0 0.0 0 374
896 374 2.66 0 0.0 0 374
898 374 2.66 0 0.0 0 374
900 374 2.66 0 0.0 0 374
902 374 2.66 0 0.0 0 374
904 374 2.66 0 0.0 0 374
906 374 2.66 0 0.0 0 374
908 374 2.66 0 0.0 0 374
910 374 2.66 0 0.0 0 374
912 374 2.66 0 0.0 0 374
914 374 2.66 0 0.0 0 374
916 374 2.66 0 0.0 0 374
918 374 2.66 0 0.0 0 374
920 374 2.66 0 0.0 0 374
922 374 2.66 0 0.0 0 374
924 374 2.66 0 0.0 0 374
926 374 2.66 0 0.0 0 374
928 374 2.66 0 0.0 0 374
930 374 2.66 0 0.0 0 374
932 374 2.66 0 0.0 0 374
934 374 2.66 0 0.0 0 374
936 374 2.66 0 0.0 0 374
938 374 2.66 0 0.0 0 374
940 374 2.66 0 0.0 0 374
942 374 2.66 0 0.0 0 374
944 374 2.66 0 0.0 0 374
946 374 2.66 0 0.0 0 374
948 374 2.66 0 0.0 0 374
950 374 2.66 0 0.0 0 374
952 374 2.66 0 0.0 0 374
954 374 2.66 0 0.0 0 374
956 374 2.66 0 0.0 0 374
958 374 2.66 0 0.0 0 374
960 374 2.66 0 0.0 0 374
962 373 2.65 0 0.0 1 374
964 373 2.65 0 0.0 1 373
966 373 2.65 0 0.0 1 373
968 373 2.65 0 0.0 1 373
970 373 2.65 0 0.0 1 373
972 373 2.65 0 0.0 1 373
974 373 2.65 0 0.0 1 373
976 373 2.65 0 0.0 1 373
978 373 2.65 0 0.0 1 373
980 373 2.65 0 0.0 1 373
982 373 2.65 0 0.0 1 373
984 373 2.65 0 0.0 1 373
986 373 2.65 0 0.0 1 373
988 373 2.65 0 0.0 1 373
990 373 2.65 0 0.0 1 373
992 373 2.65 0 0.0 1 373
994 373 2.65 0 0.0 1 373
996 373 2.65 0 0.0 1 373
998 373 2.65 0 0.0 1 373
1000 373 2.65 0 0.0 1 373
1002 373 2.65 0 0.0 1 373
1004 373 2.65 0 0.0 1 373
1006 373 2.65 0 0.0 1 373
1008 373 2.65 0 0.0 1 373
1010 373 2.65 0 0.0 1 373
1012 373 2.65 0 0.0 1 373
1014 373 2.65 0 0.0 1 373
1016 373 2.65 0 0.0 1 373
1018 373 2.65 0 0.0 1 373
1020 372 2.64 0 0.0 2 373
1022 372 2.64 0 0.0 2 372
1024 372 2.64 0 0.0 2 372
1026 372 2.64 0 0.0 2 372
1028 372 2.64 0 0.0 2 372
1030 372 2.64 0 0.0 2 372
1032 372 2.64 0 0.0 2 372
1034 372 2.64 0 0.0 2 372
1036 372 2.64 0 0.0 2 372
1038 372 2.64 0 0.0 2 372
1040 372 2.64 0 0.0 2 372
1042 372 2.64 0 0.0 2 372
1044 372 2.64 0 0.0 2 372
1046 372 2.64 0 0.0 2 372
1048 372 2.64 0 0.0 2 372
1050 372 2.64 0 0.0 2 372
1052 372 2.64 0 0.0 2 372
1054 372 2.64 0 0.0 2 372
1056 372 2.64 0 0.0 2 372
1058 372 2.64 0 0.0 2 372
1060 372 2.64 0 0.0 2 372
1062 372 2.64 0 0.0 2 372
1064 372 2.64 0 0.0 2 372
1066 372 2.64 0 0.0 2 372
1068 372 2.64 0 0.0 2 372
1070 372 2.64 0 0.0 2 372
1072 372 2.64 0 0.0 2 372
1074 372 2.64 0 0.0 2 372
1076 372 2.64 0 0.0 2 372
1078 372 2.64 0 0.0 2 372
1080 372 2.64 0 0.0 2 372
1082 372 2.64 0 0.0 2 372
1084 372 2.64 0 0.0 2 372
1086 372 2.64 0 0.0 2 372
1088 372 2.64 0 0.0 2 372
1090 372 2.64 0 0.0 2 372
1092 372 2.64 0 0.0 2 372
1094 372 2.64 0 0.0 2 372
1096 372 2.64 0 0.0 2 372
1098 372 2.64 0 0.0 2 372
1100 372 2.64 0 0.0 2 372
1102 372 2.64 0 0.0 2 372
1104 372 2.64 0 0.0 2 372
1106 372 2.64 0 0.0 2 372
1108 372 2.64 0 0.0 2 372
1110 372 2.64 0 0.0 2 372
1112 372 2.64 0 0.0 2 372
1114 372 2.64 0 0.0 2 372
1116 372 2.64 0 0.0 2 372
1118 372 2.64 0 0.0 2 372
1120 372 2.64 0 0.0 2 372
1122 372 2.64 0 0.0 2 372
1124 372 2.64 0 0.0 2 372
1126 372 2.64 0 0.0 2 372
1128 372 2.64 0 0.0 2 372
1130 372 2.64 0 0.0 2 372
1132 372 2.64 0 0.0 2 372
1134 372 2.64 0 0.0 2 372
1136 372 2.64 0 0.0 2 372
1138 372 2.64 0 0.0 2 372
1140 372 2.64 0 0.0 2 372
1142 372 2.64 0 0.0 2 372
1144 372 2.64 0 0.0 2 372
1146 372 2.64 0 0.0 2 372
1148 372 2.64 0 0.0 2 372
1150 372 2.64 0 0.0 2 372
1152 372 2.64 0 0.0 2 372
1154 372 2.64 0 0.0 2 372
1156 372 2.64 0 0.0 2 372
1158 372 2.64 0 0.0 2 372
1160 372 2.64 0 0.0 2 372
1162 372 2.64 0 0.0 2 372
1164 372 2.64 0 0.0 2 372
1166 372 2.64 0 0.0 2 372
1168 372 2.64 0 0.0 2 372
1170 372 2.64 0 0.0 2 372
1172 372 2.64 0 0.0 2 372
1174 372 2.64 0 0.0 2 372
1176 372 2.64 0 0.0 2 372
1178 372 2.64 0 0.0 2 372
1180 372 2.64 0 0.0 2 372
1182 372 2.64 0 0.0 2 372
1184 372 2.64 0 0.0 2 372
1186 372 2.64 0 0.0 2 372
1188 372 2.64 0 0.0 2 372
1190 372 2.64 0 0.0 2 372
1192 372 2.64 0 0.0 2 372
1194 372 2.64 0 0.0 2 372
1196 372 2.64 0 0.0 2 372
1198 372 2.64 0 0.0 2 372
1200 372 2.64 0 0.0 2 372
1202 372 2.64 0 0.0 2 372
1204 372 2.64 0 0.0 2 372
1206 372 2.64 0 0.0 2 372
1208 372 2.64 0 0.0 2 372
1210 372 2.64 0 0.0 2 372
1212 372 2.64 0 0.0 2 372
1214 372 2.64 0 0.0 2 372
1216 372 2.64 0 0.0 2 372
1218 372 2.64 0 0.0 2 372
1220 372 2.64 0 0.0 2 372
1222 372 2.64 0 0.0 2 372
1224 372 2.64 0 0.0 2 372
1226 372 2.64 0 0.0 2 372
1228 372 2.64 0 0.0 2 372
1230 372 2.64 0 0.0 2 372
1232 372 2.64 0 0.0 2 372
1234 372 2.64 0 0.0 2 372
1236 372 2.64 0 0.0 2 372
1238 372 2.64 0 0.0 2 372
1240 372 2.64 0 0.0 2 372
1242 372 2.64 0 0.0 2 372
1244 372 2.64 0 0.0 2 372
1246 372 2.64 0 0.0 2 372
1248 372 2.64 0 0.0 2 372
1250 372 2.64 0 0.0 2 372
1252 372 2.64 0 0.0 2 372
1254 372 2.64 0 0.0 2 372
1256 372 2.64 0 0.0 2 372
1258 372 2.64 0 0.0 2 372
1260 372 2.64 0 0.0 2 372
1262 372 2.64 0 0.0 2 372
1264 372 2.64 0 0.0 2 372
1266 372 2.64 0 0.0 2 372
1268 372 2.64 0 0.0 2 372
1270 372 2.64 0 0.0 2 372
1272 372 2.64 0 0.0 2 372
1274 372 2.64 0 0.0 2 372
1276 372 2.64 0 0.0 2 372
1278 372 2.64 0 0.0 2 372
1280 372 2.64 0 0.0 2 372
1282 372 2.64 0 0.0 2 372
1284 372 2.64 0 0.0 2 372
1286 372 2.64 0 0.0 2 372
1288 372 2.64 0 0.0 2 372
1290 372 2.64 0 0.0 2 372
1292 372 2.64 0 0.0 2 372
1294 372 2.64 0 0.0 2 372
1296 372 2.64 0 0.0 2 372
1298 372 2.64 0 0.0 2 372
1300 372 2.64 0 0.0 2 372
1302 372 2.64 0 0.0 2 372
1304 372 2.64 0 0.0 2 372
1306 372 2.64 0 0.0 2 372
1308 372 2.64 0 0.0 2 372
1310 372 2.64 0 0.0 2 372
1312 372 2.64 0 0.0 2 372
1314 372 2.64 0 0.0 2 372
1316 372 2.64 0 0.0 2 372
1318 372 2.64 0 0.0 2 372
1320 372 2.64 0 0.0 2 372
1322 372 2.64 0 0.0 2 372
1324 372 2.64 0 0.0 2 372
1326 372 2.64 0 0.0 2 372
1328 372 2.64 0 0.0 2 372
1330 372 2.64 0 0.0 2 372
1332 372 2.64 0 0.0 2 372
1334 372 2.64 0 0.0 2 372
1336 372 2.64 0 0.0 2 372
1338 372 2.64 0 0.0 2 372
1340 372 2.64 0 0.0 2 372
1342 372 2.64 0 0.0 2 372
1344 372 2.64 0 0.0 2 372
1346 372 2.64 0 0.0 2 372
1348 372 2.64 0 0.0 2 372
1350 372 2.64 0 0.0 2 372
1352 372 2.64 0 0.0 2 372
1354 372 2.64 0 0.0 2 372
1356 372 2.64 0 0.0 2 372
1358 372 2.64 0 0.0 2 372
1360 372 2.64 0 0.0 2 372
1362 372 2.64 0 0.0 2 372
1364 372 2.64 0 0.0 2 372
1366 372 2.64 0 0.0 2 372
1368 372 2.64 0 0.0 2 372
1370 372 2.64 0 0.0 2 372
1372 372 2.64 0 0.0 2 372
1374 372 2.64 0 0.0 2 372
1376 372 2.64 0 0.0 2 372
1378 372 2.64 0 0.0 2 372
1380 372 2.64 0 0.0 2 372
1382 372 2.64 0 0.0 2 372
1384 372 2.64 0 0.0 2 372
1386 372 2.64 0 0.0 2 372
1388 372 2.64 0 0.0 2 372
1390 372 2.64 0 0.0 2 372
1392 372 2.64 0 0.0 2 372
1394 372 2.64 0 0.0 2 372
1396 372 2.64 0 0.0 2 372
1398 372 2.64 0 0.0 2 372
1400 372 2.64 0 0.0 2 372
1402 372 2.64 0 0.0 2 372
1404 372 2.64 0 0.0 2 372
1406 372 2.64 0 0.0 2 372
1408 372 2.64 0 0.0 2 372
1410 372 2.64 0 0.0 2 372
1412 372 2.64 0 0.0 2 372
1414 372 2.64 0 0.0 2 372
1416 372 2.64 0 0.0 2 372
1418 372 2.64 0 0.0 2 372
1420 372 2.64 0 0.0 2 372
1422 372 2.64 0 0.0 2 372
1424 372 2.64 0 0.0 2 372
1426 372 2.64 0 0.0 2 372
1428 372 2.64 0 0.0 2 372
1430 372 2.64 0 0.0 2 372
1432 372 2.64 0 0.0 2 372
1434 372 2.64 0 0.0 2 372
1436 372 2.64 0 0.0 2 372
1438 371 2.63 0 0.0 3 372
1440 371 2.63 0 0.0 3 371
