Time Custom,,,_Count Custom,,,_Conc Acetate_Count Acetate_Conc Custom,,,_Died bacteria_couldn't_eat
0 4 0,02 77081 2,4 0 0
2 4 0,02 77081 2,4 0 0
4 4 0,02 77071 2,4 0 0
6 4 0,02 77060 2,4 0 0
8 4 0,02 77048 2,4 0 0
10 4 0,02 77036 2,4 0 0
12 4 0,02 77024 2,4 0 0
14 4 0,02 77011 2,4 0 0
16 4 0,02 76999 2,4 0 0
18 4 0,02 76986 2,4 0 0
20 4 0,02 76974 2,4 0 0
22 4 0,02 76961 2,39 0 0
24 4 0,02 76948 2,39 0 0
26 4 0,02 76933 2,39 0 0
28 4 0,03 76919 2,39 0 0
30 4 0,03 76905 2,39 0 0
32 4 0,03 76889 2,39 0 0
34 4 0,03 76874 2,39 0 0
36 4 0,03 76858 2,39 0 0
38 4 0,03 76842 2,39 0 0
40 4 0,03 76826 2,39 0 0
42 4 0,03 76810 2,39 0 0
44 4 0,03 76793 2,39 0 0
46 4 0,03 76776 2,39 0 0
48 4 0,03 76759 2,39 0 0
50 4 0,03 76741 2,39 0 0
52 4 0,03 76722 2,39 0 0
54 4 0,03 76701 2,39 0 0
56 4 0,03 76682 2,39 0 0
58 4 0,03 76664 2,39 0 0
60 4 0,04 76643 2,39 0 0
62 4 0,04 76622 2,38 0 0
64 4 0,04 76600 2,38 0 0
66 4 0,04 76577 2,38 0 0
68 6 0,04 76554 2,38 0 0
70 7 0,04 76532 2,38 0 0
72 8 0,04 76509 2,38 0 0
74 8 0,04 76486 2,38 0 0
76 8 0,04 76463 2,38 0 0
78 8 0,04 76440 2,38 0 0
80 8 0,04 76415 2,38 0 0
82 8 0,04 76391 2,38 0 0
84 8 0,05 76366 2,38 0 0
86 8 0,05 76339 2,38 0 0
88 8 0,05 76314 2,37 0 0
90 8 0,05 76285 2,37 0 0
92 8 0,05 76259 2,37 0 0
94 8 0,05 76233 2,37 0 0
96 8 0,05 76204 2,37 0 0
98 8 0,05 76173 2,37 0 0
100 8 0,05 76141 2,37 0 0
102 8 0,06 76109 2,37 0 0
104 8 0,06 76077 2,37 0 0
106 8 0,06 76045 2,37 0 0
108 8 0,06 76013 2,37 0 0
110 8 0,06 75981 2,36 0 0
112 8 0,06 75945 2,36 0 0
114 8 0,06 75911 2,36 0 0
116 8 0,06 75877 2,36 0 0
118 8 0,06 75843 2,36 0 0
120 8 0,07 75804 2,36 0 0
122 8 0,07 75765 2,36 0 0
124 8 0,07 75726 2,36 0 0
126 8 0,07 75687 2,36 0 0
128 8 0,07 75647 2,35 0 0
130 8 0,07 75605 2,35 0 0
132 9 0,08 75563 2,35 0 0
134 12 0,08 75519 2,35 0 0
136 14 0,08 75474 2,35 0 0
138 16 0,08 75430 2,35 0 0
140 16 0,08 75386 2,35 0 0
142 16 0,08 75339 2,34 0 0
144 16 0,09 75293 2,34 0 0
146 16 0,09 75246 2,34 0 0
148 16 0,09 75199 2,34 0 0
150 16 0,09 75149 2,34 0 0
152 16 0,09 75097 2,34 0 0
154 16 0,09 75048 2,34 0 0
156 16 0,1 74995 2,33 0 0
158 16 0,1 74946 2,33 0 0
160 16 0,1 74892 2,33 0 0
162 16 0,1 74836 2,33 0 0
164 16 0,1 74775 2,33 0 0
166 16 0,11 74716 2,33 0 0
168 16 0,11 74658 2,32 0 0
170 16 0,11 74597 2,32 0 0
172 16 0,11 74530 2,32 0 0
174 16 0,12 74466 2,32 0 0
176 16 0,12 74396 2,32 0 0
178 16 0,12 74330 2,31 0 0
180 16 0,12 74259 2,31 0 0
182 16 0,13 74188 2,31 0 0
184 16 0,13 74116 2,31 0 0
186 16 0,13 74040 2,3 0 0
188 16 0,13 73963 2,3 0 0
190 16 0,14 73886 2,3 0 0
192 16 0,14 73806 2,3 0 0
194 16 0,14 73720 2,29 0 0
196 16 0,15 73635 2,29 0 0
198 19 0,15 73549 2,29 0 0
200 22 0,15 73463 2,29 0 0
202 25 0,16 73375 2,28 0 0
204 31 0,16 73284 2,28 0 0
206 32 0,16 73202 2,28 0 0
208 32 0,17 73106 2,28 0 0
210 32 0,17 73009 2,27 0 0
212 32 0,17 72914 2,27 0 0
214 32 0,18 72819 2,27 0 0
216 32 0,18 72725 2,26 0 0
218 32 0,18 72626 2,26 0 0
220 32 0,19 72525 2,26 0 0
222 32 0,19 72427 2,25 0 0
224 32 0,2 72315 2,25 0 0
226 32 0,2 72208 2,25 0 0
228 32 0,2 72096 2,24 0 0
230 32 0,21 71980 2,24 0 0
232 32 0,21 71863 2,24 0 0
234 32 0,22 71744 2,23 0 0
236 32 0,22 71618 2,23 0 0
238 32 0,23 71492 2,22 0 0
240 32 0,23 71362 2,22 0 0
242 32 0,24 71230 2,22 0 0
244 32 0,24 71097 2,21 0 0
246 32 0,25 70959 2,21 0 0
248 32 0,25 70815 2,2 0 0
250 32 0,26 70670 2,2 0 0
252 32 0,26 70515 2,19 0 0
254 32 0,27 70363 2,19 0 0
256 32 0,27 70208 2,18 0 0
258 32 0,28 70049 2,18 0 0
260 32 0,29 69884 2,17 0 0
262 32 0,29 69717 2,17 0 0
264 35 0,3 69546 2,16 0 0
266 42 0,31 69372 2,16 0 0
268 50 0,31 69197 2,15 0 0
270 60 0,32 69019 2,15 0 0
272 64 0,33 68839 2,14 0 0
274 64 0,33 68660 2,14 0 0
276 64 0,34 68474 2,13 0 0
278 64 0,35 68282 2,12 0 0
280 64 0,35 68093 2,12 0 0
282 64 0,36 67895 2,11 0 0
284 64 0,37 67700 2,11 0 0
286 64 0,38 67497 2,1 0 0
288 64 0,38 67295 2,09 0 0
290 64 0,39 67085 2,09 0 0
292 64 0,4 66870 2,08 0 0
294 64 0,41 66641 2,07 0 0
296 64 0,42 66408 2,07 0 0
298 64 0,42 66176 2,06 0 0
300 64 0,43 65930 2,05 0 0
302 64 0,44 65673 2,04 0 0
304 64 0,45 65415 2,04 0 0
306 64 0,46 65160 2,03 0 0
308 64 0,47 64895 2,02 0 0
310 64 0,48 64624 2,01 0 0
312 64 0,49 64345 2,0 0 0
314 64 0,5 64066 1,99 0 0
316 64 0,51 63778 1,98 0 0
318 64 0,52 63477 1,98 0 0
320 64 0,54 63171 1,97 0 0
322 64 0,55 62858 1,96 0 0
324 64 0,56 62538 1,95 0 0
326 64 0,57 62211 1,94 0 0
328 64 0,58 61882 1,93 0 0
330 68 0,6 61533 1,91 0 0
332 80 0,61 61175 1,9 0 0
334 100 0,62 60818 1,89 0 0
336 120 0,64 60460 1,88 0 0
338 127 0,65 60096 1,87 0 0
340 128 0,66 59732 1,86 0 0
342 128 0,68 59361 1,85 0 0
344 128 0,69 58979 1,84 0 0
346 128 0,71 58596 1,82 0 0
348 128 0,72 58205 1,81 0 0
350 128 0,73 57814 1,8 0 0
352 128 0,75 57414 1,79 0 0
354 128 0,76 57008 1,77 0 0
356 128 0,78 56595 1,76 0 0
358 128 0,8 56156 1,75 0 0
360 128 0,81 55717 1,73 0 0
362 128 0,83 55256 1,72 0 0
364 128 0,85 54777 1,7 0 0
366 128 0,87 54291 1,69 0 0
368 128 0,88 53790 1,67 0 0
370 128 0,9 53286 1,66 0 0
372 128 0,92 52775 1,64 0 0
374 128 0,94 52254 1,63 0 0
376 128 0,96 51712 1,61 0 0
378 128 0,98 51162 1,59 0 0
380 128 1,0 50599 1,57 0 0
382 128 1,02 50022 1,56 0 0
384 128 1,05 49424 1,54 0 0
386 128 1,07 48816 1,52 0 0
388 128 1,09 48192 1,5 0 0
390 128 1,12 47558 1,48 0 0
392 128 1,14 46902 1,46 0 0
394 129 1,16 46228 1,44 0 0
396 139 1,19 45551 1,42 0 0
398 156 1,22 44849 1,4 0 0
400 188 1,24 44142 1,37 0 0
402 235 1,27 43423 1,35 0 0
404 252 1,29 42706 1,33 0 0
406 256 1,32 41983 1,31 0 0
408 256 1,35 41242 1,28 0 0
410 256 1,38 40493 1,26 0 0
412 256 1,41 39714 1,24 0 0
414 256 1,43 38938 1,21 0 0
416 256 1,46 38143 1,19 0 0
418 256 1,49 37340 1,16 0 0
420 256 1,52 36530 1,14 0 0
422 256 1,56 35687 1,11 0 0
424 256 1,59 34828 1,08 0 0
426 256 1,62 33950 1,06 0 0
428 256 1,65 33040 1,03 0 0
430 256 1,69 32106 1,0 0 0
432 256 1,72 31140 0,97 0 0
434 256 1,76 30153 0,94 0 4
436 256 1,8 29136 0,91 0 0
438 256 1,84 28108 0,88 0 2
440 256 1,87 27064 0,84 0 0
442 256 1,91 25999 0,81 0 1
444 256 1,95 24923 0,78 0 0
446 256 2,0 23814 0,74 0 1
448 256 2,04 22676 0,71 0 2
450 256 2,08 21541 0,67 0 7
452 256 2,12 20368 0,63 0 5
454 256 2,17 19195 0,6 0 8
456 256 2,21 18023 0,56 0 9
458 256 2,25 16861 0,53 0 12
460 257 2,3 15709 0,49 0 19
462 274 2,34 14564 0,45 0 22
464 290 2,38 13484 0,42 0 35
466 313 2,42 12399 0,39 0 36
468 364 2,46 11344 0,35 0 40
470 403 2,49 10360 0,32 0 65
472 426 2,53 9386 0,29 0 88
474 438 2,57 8398 0,26 0 86
476 446 2,6 7496 0,23 0 122
478 453 2,63 6577 0,21 0 123
480 465 2,67 5681 0,18 0 139
482 469 2,7 4821 0,15 0 167
484 473 2,73 3958 0,12 0 166
486 475 2,76 3125 0,1 0 182
488 483 2,79 2280 0,07 0 192
490 489 2,82 1466 0,05 0 206
492 492 2,85 766 0,02 0 250
494 498 2,87 215 0,01 0 296
496 498 2,88 2 0,0 0 405
498 498 2,88 0 0,0 0 496
500 498 2,88 0 0,0 0 498
502 498 2,88 0 0,0 0 498
504 498 2,88 0 0,0 0 498
506 498 2,88 0 0,0 0 498
508 498 2,88 0 0,0 0 498
510 498 2,88 0 0,0 0 498
512 498 2,88 0 0,0 0 498
514 498 2,88 0 0,0 0 498
516 498 2,88 0 0,0 0 498
518 498 2,88 0 0,0 0 498
520 498 2,88 0 0,0 0 498
522 498 2,88 0 0,0 0 498
524 498 2,88 0 0,0 0 498
526 498 2,88 0 0,0 0 498
528 498 2,88 0 0,0 0 498
530 498 2,88 0 0,0 0 498
532 498 2,88 0 0,0 0 498
534 498 2,88 0 0,0 0 498
536 498 2,88 0 0,0 0 498
538 498 2,88 0 0,0 0 498
540 498 2,88 0 0,0 0 498
542 498 2,88 0 0,0 0 498
544 498 2,88 0 0,0 0 498
546 498 2,88 0 0,0 0 498
548 498 2,88 0 0,0 0 498
550 498 2,88 0 0,0 0 498
552 498 2,88 0 0,0 0 498
554 498 2,88 0 0,0 0 498
556 498 2,88 0 0,0 0 498
558 498 2,88 0 0,0 0 498
560 498 2,88 0 0,0 0 498
562 498 2,88 0 0,0 0 498
564 498 2,88 0 0,0 0 498
566 498 2,88 0 0,0 0 498
568 498 2,88 0 0,0 0 498
570 498 2,88 0 0,0 0 498
572 498 2,88 0 0,0 0 498
574 498 2,88 0 0,0 0 498
576 498 2,88 0 0,0 0 498
578 498 2,88 0 0,0 0 498
580 498 2,88 0 0,0 0 498
582 498 2,88 0 0,0 0 498
584 498 2,88 0 0,0 0 498
586 498 2,88 0 0,0 0 498
588 498 2,88 0 0,0 0 498
590 498 2,88 0 0,0 0 498
592 498 2,88 0 0,0 0 498
594 498 2,88 0 0,0 0 498
596 498 2,88 0 0,0 0 498
598 498 2,88 0 0,0 0 498
600 498 2,88 0 0,0 0 498
602 498 2,88 0 0,0 0 498
604 498 2,88 0 0,0 0 498
606 498 2,88 0 0,0 0 498
608 498 2,88 0 0,0 0 498
610 498 2,88 0 0,0 0 498
612 498 2,88 0 0,0 0 498
614 498 2,88 0 0,0 0 498
616 498 2,88 0 0,0 0 498
618 498 2,88 0 0,0 0 498
620 498 2,88 0 0,0 0 498
622 498 2,88 0 0,0 0 498
624 498 2,88 0 0,0 0 498
626 498 2,88 0 0,0 0 498
628 498 2,88 0 0,0 0 498
630 498 2,88 0 0,0 0 498
632 498 2,88 0 0,0 0 498
634 498 2,88 0 0,0 0 498
636 498 2,88 0 0,0 0 498
638 498 2,88 0 0,0 0 498
640 498 2,88 0 0,0 0 498
642 498 2,88 0 0,0 0 498
644 498 2,88 0 0,0 0 498
646 498 2,88 0 0,0 0 498
648 498 2,88 0 0,0 0 498
650 498 2,88 0 0,0 0 498
652 498 2,88 0 0,0 0 498
654 498 2,88 0 0,0 0 498
656 498 2,88 0 0,0 0 498
658 498 2,88 0 0,0 0 498
660 498 2,88 0 0,0 0 498
662 498 2,88 0 0,0 0 498
664 498 2,88 0 0,0 0 498
666 498 2,88 0 0,0 0 498
668 498 2,88 0 0,0 0 498
670 498 2,88 0 0,0 0 498
672 498 2,88 0 0,0 0 498
674 498 2,88 0 0,0 0 498
676 498 2,88 0 0,0 0 498
678 498 2,88 0 0,0 0 498
680 498 2,88 0 0,0 0 498
682 498 2,88 0 0,0 0 498
684 498 2,88 0 0,0 0 498
686 498 2,88 0 0,0 0 498
688 498 2,88 0 0,0 0 498
690 498 2,88 0 0,0 0 498
692 498 2,88 0 0,0 0 498
694 498 2,88 0 0,0 0 498
696 498 2,88 0 0,0 0 498
698 498 2,88 0 0,0 0 498
700 498 2,88 0 0,0 0 498
702 498 2,88 0 0,0 0 498
704 498 2,88 0 0,0 0 498
706 498 2,88 0 0,0 0 498
708 498 2,88 0 0,0 0 498
710 498 2,88 0 0,0 0 498
712 498 2,88 0 0,0 0 498
714 498 2,88 0 0,0 0 498
716 498 2,88 0 0,0 0 498
718 498 2,88 0 0,0 0 498
720 498 2,88 0 0,0 0 498
722 498 2,88 0 0,0 0 498
724 498 2,88 0 0,0 0 498
726 498 2,88 0 0,0 0 498
728 498 2,88 0 0,0 0 498
730 498 2,88 0 0,0 0 498
732 498 2,88 0 0,0 0 498
734 498 2,88 0 0,0 0 498
736 498 2,88 0 0,0 0 498
738 498 2,88 0 0,0 0 498
740 498 2,88 0 0,0 0 498
742 498 2,88 0 0,0 0 498
744 498 2,88 0 0,0 0 498
746 498 2,88 0 0,0 0 498
748 498 2,88 0 0,0 0 498
750 498 2,88 0 0,0 0 498
752 498 2,88 0 0,0 0 498
754 498 2,88 0 0,0 0 498
756 498 2,88 0 0,0 0 498
758 498 2,88 0 0,0 0 498
760 498 2,88 0 0,0 0 498
762 498 2,88 0 0,0 0 498
764 498 2,88 0 0,0 0 498
766 498 2,88 0 0,0 0 498
768 498 2,88 0 0,0 0 498
770 498 2,88 0 0,0 0 498
772 498 2,88 0 0,0 0 498
774 498 2,88 0 0,0 0 498
776 498 2,88 0 0,0 0 498
778 498 2,88 0 0,0 0 498
780 498 2,88 0 0,0 0 498
782 498 2,88 0 0,0 0 498
784 498 2,88 0 0,0 0 498
786 498 2,88 0 0,0 0 498
788 498 2,88 0 0,0 0 498
790 498 2,88 0 0,0 0 498
792 498 2,88 0 0,0 0 498
794 498 2,88 0 0,0 0 498
796 498 2,88 0 0,0 0 498
798 498 2,88 0 0,0 0 498
800 498 2,88 0 0,0 0 498
802 498 2,88 0 0,0 0 498
804 498 2,88 0 0,0 0 498
806 498 2,88 0 0,0 0 498
808 498 2,88 0 0,0 0 498
810 498 2,88 0 0,0 0 498
812 498 2,88 0 0,0 0 498
814 498 2,88 0 0,0 0 498
816 498 2,88 0 0,0 0 498
818 498 2,88 0 0,0 0 498
820 498 2,88 0 0,0 0 498
822 498 2,88 0 0,0 0 498
824 498 2,88 0 0,0 0 498
826 498 2,88 0 0,0 0 498
828 498 2,88 0 0,0 0 498
830 498 2,88 0 0,0 0 498
832 498 2,88 0 0,0 0 498
834 498 2,88 0 0,0 0 498
836 498 2,88 0 0,0 0 498
838 498 2,88 0 0,0 0 498
840 498 2,88 0 0,0 0 498
842 498 2,88 0 0,0 0 498
844 498 2,88 0 0,0 0 498
846 498 2,88 0 0,0 0 498
848 498 2,88 0 0,0 0 498
850 498 2,88 0 0,0 0 498
852 498 2,88 0 0,0 0 498
854 498 2,88 0 0,0 0 498
856 498 2,88 0 0,0 0 498
858 498 2,88 0 0,0 0 498
860 498 2,88 0 0,0 0 498
862 498 2,88 0 0,0 0 498
864 498 2,88 0 0,0 0 498
866 498 2,88 0 0,0 0 498
868 498 2,88 0 0,0 0 498
870 498 2,88 0 0,0 0 498
872 498 2,88 0 0,0 0 498
874 498 2,88 0 0,0 0 498
876 498 2,88 0 0,0 0 498
878 498 2,88 0 0,0 0 498
880 498 2,88 0 0,0 0 498
882 498 2,88 0 0,0 0 498
884 498 2,88 0 0,0 0 498
886 498 2,88 0 0,0 0 498
888 498 2,88 0 0,0 0 498
890 498 2,88 0 0,0 0 498
892 498 2,88 0 0,0 0 498
894 498 2,88 0 0,0 0 498
896 498 2,88 0 0,0 0 498
898 498 2,88 0 0,0 0 498
900 498 2,88 0 0,0 0 498
902 498 2,88 0 0,0 0 498
904 498 2,88 0 0,0 0 498
906 498 2,88 0 0,0 0 498
908 498 2,88 0 0,0 0 498
910 498 2,88 0 0,0 0 498
912 498 2,88 0 0,0 0 498
914 498 2,88 0 0,0 0 498
916 498 2,88 0 0,0 0 498
918 498 2,88 0 0,0 0 498
920 498 2,88 0 0,0 0 498
922 498 2,88 0 0,0 0 498
924 498 2,88 0 0,0 0 498
926 498 2,88 0 0,0 0 498
928 498 2,88 0 0,0 0 498
930 498 2,88 0 0,0 0 498
932 498 2,88 0 0,0 0 498
934 498 2,88 0 0,0 0 498
936 498 2,88 0 0,0 0 498
938 498 2,88 0 0,0 0 498
940 498 2,88 0 0,0 0 498
942 498 2,88 0 0,0 0 498
944 498 2,88 0 0,0 0 498
946 498 2,88 0 0,0 0 498
948 498 2,88 0 0,0 0 498
950 498 2,88 0 0,0 0 498
952 498 2,88 0 0,0 0 498
954 498 2,88 0 0,0 0 498
956 498 2,88 0 0,0 0 498
958 498 2,88 0 0,0 0 498
960 498 2,88 0 0,0 0 498
962 498 2,88 0 0,0 0 498
964 498 2,88 0 0,0 0 498
966 498 2,88 0 0,0 0 498
968 498 2,88 0 0,0 0 498
970 498 2,88 0 0,0 0 498
972 498 2,88 0 0,0 0 498
974 498 2,88 0 0,0 0 498
976 498 2,88 0 0,0 0 498
978 498 2,88 0 0,0 0 498
980 498 2,88 0 0,0 0 498
982 498 2,88 0 0,0 0 498
984 498 2,88 0 0,0 0 498
986 498 2,88 0 0,0 0 498
988 498 2,88 0 0,0 0 498
990 498 2,88 0 0,0 0 498
992 498 2,88 0 0,0 0 498
994 498 2,88 0 0,0 0 498
996 498 2,88 0 0,0 0 498
998 498 2,88 0 0,0 0 498
1000 498 2,88 0 0,0 0 498
1002 498 2,88 0 0,0 0 498
1004 498 2,88 0 0,0 0 498
1006 498 2,88 0 0,0 0 498
1008 498 2,88 0 0,0 0 498
1010 498 2,88 0 0,0 0 498
1012 498 2,88 0 0,0 0 498
1014 498 2,88 0 0,0 0 498
1016 498 2,88 0 0,0 0 498
1018 498 2,88 0 0,0 0 498
1020 498 2,88 0 0,0 0 498
1022 498 2,88 0 0,0 0 498
1024 498 2,88 0 0,0 0 498
1026 498 2,88 0 0,0 0 498
1028 498 2,88 0 0,0 0 498
1030 498 2,88 0 0,0 0 498
1032 498 2,88 0 0,0 0 498
1034 498 2,88 0 0,0 0 498
1036 498 2,88 0 0,0 0 498
1038 498 2,88 0 0,0 0 498
1040 498 2,88 0 0,0 0 498
1042 498 2,88 0 0,0 0 498
1044 498 2,88 0 0,0 0 498
1046 498 2,88 0 0,0 0 498
1048 498 2,88 0 0,0 0 498
1050 498 2,88 0 0,0 0 498
1052 498 2,88 0 0,0 0 498
1054 498 2,88 0 0,0 0 498
1056 498 2,88 0 0,0 0 498
1058 498 2,88 0 0,0 0 498
1060 498 2,88 0 0,0 0 498
1062 498 2,88 0 0,0 0 498
1064 498 2,88 0 0,0 0 498
1066 498 2,88 0 0,0 0 498
1068 498 2,88 0 0,0 0 498
1070 498 2,88 0 0,0 0 498
1072 498 2,88 0 0,0 0 498
1074 498 2,88 0 0,0 0 498
1076 498 2,88 0 0,0 0 498
1078 498 2,88 0 0,0 0 498
1080 498 2,88 0 0,0 0 498
1082 498 2,88 0 0,0 0 498
1084 498 2,88 0 0,0 0 498
1086 498 2,88 0 0,0 0 498
1088 498 2,88 0 0,0 0 498
1090 498 2,88 0 0,0 0 498
1092 498 2,88 0 0,0 0 498
1094 498 2,88 0 0,0 0 498
1096 498 2,88 0 0,0 0 498
1098 498 2,88 0 0,0 0 498
1100 498 2,88 0 0,0 0 498
1102 498 2,88 0 0,0 0 498
1104 498 2,88 0 0,0 0 498
1106 498 2,88 0 0,0 0 498
1108 498 2,88 0 0,0 0 498
1110 498 2,88 0 0,0 0 498
1112 498 2,88 0 0,0 0 498
1114 498 2,88 0 0,0 0 498
1116 498 2,88 0 0,0 0 498
1118 498 2,88 0 0,0 0 498
1120 498 2,88 0 0,0 0 498
1122 498 2,88 0 0,0 0 498
1124 498 2,88 0 0,0 0 498
1126 498 2,88 0 0,0 0 498
1128 498 2,88 0 0,0 0 498
1130 498 2,88 0 0,0 0 498
1132 498 2,88 0 0,0 0 498
1134 498 2,88 0 0,0 0 498
1136 498 2,88 0 0,0 0 498
1138 498 2,88 0 0,0 0 498
1140 498 2,88 0 0,0 0 498
1142 498 2,88 0 0,0 0 498
1144 498 2,88 0 0,0 0 498
1146 498 2,88 0 0,0 0 498
1148 498 2,88 0 0,0 0 498
1150 498 2,88 0 0,0 0 498
1152 498 2,88 0 0,0 0 498
1154 498 2,88 0 0,0 0 498
1156 498 2,88 0 0,0 0 498
1158 498 2,88 0 0,0 0 498
1160 498 2,88 0 0,0 0 498
1162 498 2,88 0 0,0 0 498
1164 498 2,88 0 0,0 0 498
1166 498 2,88 0 0,0 0 498
1168 498 2,88 0 0,0 0 498
1170 498 2,88 0 0,0 0 498
1172 498 2,88 0 0,0 0 498
1174 498 2,88 0 0,0 0 498
1176 498 2,88 0 0,0 0 498
1178 498 2,88 0 0,0 0 498
1180 498 2,88 0 0,0 0 498
1182 498 2,88 0 0,0 0 498
1184 498 2,88 0 0,0 0 498
1186 498 2,88 0 0,0 0 498
1188 498 2,88 0 0,0 0 498
1190 498 2,88 0 0,0 0 498
1192 498 2,88 0 0,0 0 498
1194 498 2,88 0 0,0 0 498
1196 498 2,88 0 0,0 0 498
1198 498 2,88 0 0,0 0 498
1200 498 2,88 0 0,0 0 498
1202 498 2,88 0 0,0 0 498
1204 498 2,88 0 0,0 0 498
1206 498 2,88 0 0,0 0 498
1208 498 2,88 0 0,0 0 498
1210 498 2,88 0 0,0 0 498
1212 498 2,88 0 0,0 0 498
1214 498 2,88 0 0,0 0 498
1216 498 2,88 0 0,0 0 498
1218 498 2,88 0 0,0 0 498
1220 498 2,88 0 0,0 0 498
1222 498 2,88 0 0,0 0 498
1224 498 2,88 0 0,0 0 498
1226 498 2,88 0 0,0 0 498
1228 498 2,88 0 0,0 0 498
1230 498 2,88 0 0,0 0 498
1232 498 2,88 0 0,0 0 498
1234 498 2,88 0 0,0 0 498
1236 498 2,88 0 0,0 0 498
1238 498 2,88 0 0,0 0 498
1240 498 2,88 0 0,0 0 498
1242 498 2,88 0 0,0 0 498
1244 498 2,88 0 0,0 0 498
1246 498 2,88 0 0,0 0 498
1248 498 2,88 0 0,0 0 498
1250 498 2,88 0 0,0 0 498
1252 498 2,88 0 0,0 0 498
1254 498 2,88 0 0,0 0 498
1256 498 2,88 0 0,0 0 498
1258 498 2,88 0 0,0 0 498
1260 498 2,88 0 0,0 0 498
1262 498 2,88 0 0,0 0 498
1264 498 2,88 0 0,0 0 498
1266 498 2,88 0 0,0 0 498
1268 498 2,88 0 0,0 0 498
1270 498 2,88 0 0,0 0 498
1272 498 2,88 0 0,0 0 498
1274 498 2,88 0 0,0 0 498
1276 498 2,88 0 0,0 0 498
1278 498 2,88 0 0,0 0 498
1280 498 2,88 0 0,0 0 498
1282 498 2,88 0 0,0 0 498
1284 498 2,88 0 0,0 0 498
1286 498 2,88 0 0,0 0 498
1288 498 2,88 0 0,0 0 498
1290 498 2,88 0 0,0 0 498
1292 498 2,88 0 0,0 0 498
1294 498 2,88 0 0,0 0 498
1296 498 2,88 0 0,0 0 498
1298 498 2,88 0 0,0 0 498
1300 498 2,88 0 0,0 0 498
1302 498 2,88 0 0,0 0 498
1304 498 2,88 0 0,0 0 498
1306 498 2,88 0 0,0 0 498
1308 498 2,88 0 0,0 0 498
1310 498 2,88 0 0,0 0 498
1312 498 2,88 0 0,0 0 498
1314 498 2,88 0 0,0 0 498
1316 498 2,88 0 0,0 0 498
1318 498 2,88 0 0,0 0 498
1320 498 2,88 0 0,0 0 498
1322 498 2,88 0 0,0 0 498
1324 498 2,88 0 0,0 0 498
1326 498 2,88 0 0,0 0 498
1328 498 2,88 0 0,0 0 498
1330 498 2,88 0 0,0 0 498
1332 498 2,88 0 0,0 0 498
1334 498 2,88 0 0,0 0 498
1336 498 2,88 0 0,0 0 498
1338 498 2,88 0 0,0 0 498
1340 498 2,88 0 0,0 0 498
1342 498 2,88 0 0,0 0 498
1344 498 2,88 0 0,0 0 498
1346 498 2,88 0 0,0 0 498
1348 498 2,88 0 0,0 0 498
1350 498 2,88 0 0,0 0 498
1352 498 2,88 0 0,0 0 498
1354 498 2,88 0 0,0 0 498
1356 498 2,88 0 0,0 0 498
1358 498 2,88 0 0,0 0 498
1360 498 2,88 0 0,0 0 498
1362 498 2,88 0 0,0 0 498
1364 498 2,88 0 0,0 0 498
1366 498 2,88 0 0,0 0 498
1368 498 2,88 0 0,0 0 498
1370 498 2,88 0 0,0 0 498
1372 498 2,88 0 0,0 0 498
1374 498 2,88 0 0,0 0 498
1376 498 2,88 0 0,0 0 498
1378 498 2,88 0 0,0 0 498
1380 498 2,88 0 0,0 0 498
1382 498 2,88 0 0,0 0 498
1384 498 2,88 0 0,0 0 498
1386 498 2,88 0 0,0 0 498
1388 498 2,88 0 0,0 0 498
1390 498 2,88 0 0,0 0 498
1392 498 2,88 0 0,0 0 498
1394 498 2,88 0 0,0 0 498
1396 498 2,88 0 0,0 0 498
1398 498 2,88 0 0,0 0 498
1400 498 2,88 0 0,0 0 498
1402 498 2,88 0 0,0 0 498
1404 498 2,88 0 0,0 0 498
1406 498 2,88 0 0,0 0 498
1408 498 2,88 0 0,0 0 498
1410 498 2,88 0 0,0 0 498
1412 498 2,88 0 0,0 0 498
1414 498 2,88 0 0,0 0 498
1416 498 2,88 0 0,0 0 498
1418 498 2,88 0 0,0 0 498
1420 498 2,88 0 0,0 0 498
1422 498 2,88 0 0,0 0 498
1424 498 2,88 0 0,0 0 498
1426 498 2,88 0 0,0 0 498
1428 498 2,88 0 0,0 0 498
1430 498 2,88 0 0,0 0 498
1432 498 2,88 0 0,0 0 498
1434 498 2,88 0 0,0 0 498
1436 498 2,88 0 0,0 0 498
1438 498 2,88 0 0,0 0 498
1440 498 2,88 0 0,0 0 498
