Time Custom,,,_Count Custom,,,_Conc Acetate_Count Acetate_Conc Custom,,,_Died bacteria_couldn't_eat
0 4 0,02 77081 2,4 0 0
2 4 0,02 77081 2,4 0 0
4 4 0,02 77064 2,4 0 0
6 4 0,02 77047 2,4 0 0
8 4 0,02 77030 2,4 0 0
10 4 0,02 77012 2,4 0 0
12 4 0,02 76994 2,4 0 0
14 4 0,02 76975 2,39 0 0
16 4 0,02 76955 2,39 0 0
18 4 0,02 76934 2,39 0 0
20 4 0,02 76913 2,39 0 0
22 4 0,03 76892 2,39 0 0
24 4 0,03 76869 2,39 0 0
26 4 0,03 76845 2,39 0 0
28 4 0,03 76823 2,39 0 0
30 4 0,03 76799 2,39 0 0
32 4 0,03 76774 2,39 0 0
34 4 0,03 76749 2,39 0 0
36 4 0,03 76721 2,39 0 0
38 4 0,03 76694 2,39 0 0
40 4 0,03 76666 2,38 0 0
42 4 0,03 76637 2,38 0 0
44 4 0,03 76606 2,38 0 0
46 4 0,03 76576 2,38 0 0
48 4 0,04 76546 2,38 0 0
50 4 0,04 76511 2,38 0 0
52 4 0,04 76476 2,38 0 0
54 8 0,04 76442 2,38 0 0
56 8 0,04 76407 2,38 0 0
58 8 0,04 76369 2,37 0 0
60 8 0,04 76333 2,37 0 0
62 8 0,04 76293 2,37 0 0
64 8 0,04 76251 2,37 0 0
66 8 0,05 76210 2,37 0 0
68 8 0,05 76168 2,37 0 0
70 8 0,05 76125 2,37 0 0
72 8 0,05 76079 2,37 0 0
74 8 0,05 76033 2,36 0 0
76 8 0,05 75984 2,36 0 0
78 8 0,05 75935 2,36 0 0
80 8 0,05 75887 2,36 0 0
82 8 0,06 75835 2,36 0 0
84 8 0,06 75781 2,36 0 0
86 8 0,06 75727 2,35 0 0
88 8 0,06 75670 2,35 0 0
90 8 0,06 75611 2,35 0 0
92 8 0,06 75553 2,35 0 0
94 8 0,07 75493 2,35 0 0
96 8 0,07 75432 2,34 0 0
98 8 0,07 75369 2,34 0 0
100 8 0,07 75304 2,34 0 0
102 8 0,07 75235 2,34 0 0
104 8 0,08 75162 2,34 0 0
106 16 0,08 75091 2,33 0 0
108 16 0,08 75020 2,33 0 0
110 16 0,08 74945 2,33 0 0
112 16 0,08 74869 2,33 0 0
114 16 0,09 74787 2,32 0 0
116 16 0,09 74704 2,32 0 0
118 16 0,09 74619 2,32 0 0
120 16 0,09 74532 2,32 0 0
122 16 0,1 74443 2,31 0 0
124 16 0,1 74348 2,31 0 0
126 16 0,1 74257 2,31 0 0
128 16 0,1 74165 2,31 0 0
130 16 0,11 74064 2,3 0 0
132 16 0,11 73965 2,3 0 0
134 16 0,11 73861 2,3 0 0
136 16 0,12 73754 2,29 0 0
138 16 0,12 73643 2,29 0 0
140 16 0,12 73530 2,29 0 0
142 16 0,13 73412 2,28 0 0
144 16 0,13 73292 2,28 0 0
146 16 0,13 73170 2,27 0 0
148 16 0,14 73046 2,27 0 0
150 16 0,14 72922 2,27 0 0
152 16 0,14 72788 2,26 0 0
154 16 0,15 72649 2,26 0 0
156 16 0,15 72513 2,25 0 0
158 32 0,16 72368 2,25 0 0
160 32 0,16 72214 2,24 0 0
162 32 0,16 72061 2,24 0 0
164 32 0,17 71905 2,23 0 0
166 32 0,17 71746 2,23 0 0
168 32 0,18 71584 2,22 0 0
170 32 0,18 71415 2,22 0 0
172 32 0,19 71240 2,21 0 0
174 32 0,19 71063 2,21 0 0
176 32 0,2 70881 2,2 0 0
178 32 0,2 70696 2,2 0 0
180 32 0,21 70505 2,19 0 0
182 32 0,21 70310 2,18 0 0
184 32 0,22 70112 2,18 0 0
186 32 0,23 69903 2,17 0 0
188 32 0,23 69685 2,16 0 0
190 32 0,24 69464 2,16 0 0
192 32 0,25 69241 2,15 0 0
194 32 0,25 69005 2,14 0 0
196 32 0,26 68763 2,14 0 0
198 32 0,27 68514 2,13 0 0
200 32 0,27 68262 2,12 0 0
202 32 0,28 67998 2,11 0 0
204 32 0,29 67733 2,1 0 0
206 32 0,3 67459 2,1 0 0
208 32 0,3 67174 2,09 0 0
210 64 0,31 66891 2,08 0 0
212 64 0,32 66597 2,07 0 0
214 64 0,33 66288 2,06 0 0
216 64 0,34 65974 2,05 0 0
218 64 0,35 65655 2,04 0 0
220 64 0,36 65321 2,03 0 0
222 64 0,37 64989 2,02 0 0
224 64 0,38 64637 2,01 0 0
226 64 0,39 64281 2,0 0 0
228 64 0,4 63913 1,98 0 0
230 64 0,41 63535 1,97 0 0
232 64 0,42 63138 1,96 0 0
234 64 0,43 62737 1,95 0 0
236 64 0,44 62326 1,94 0 0
238 64 0,45 61913 1,92 0 0
240 64 0,47 61479 1,91 0 0
242 64 0,48 61041 1,9 0 0
244 64 0,49 60583 1,88 0 0
246 64 0,5 60121 1,87 0 0
248 64 0,52 59636 1,85 0 0
250 64 0,53 59133 1,84 0 0
252 64 0,55 58630 1,82 0 0
254 64 0,56 58107 1,8 0 0
256 64 0,58 57571 1,79 0 0
258 64 0,59 57021 1,77 0 0
260 64 0,61 56457 1,75 0 0
262 128 0,62 55878 1,73 0 0
264 128 0,64 55287 1,72 0 0
266 128 0,66 54676 1,7 0 0
268 128 0,68 54056 1,68 0 0
270 128 0,7 53413 1,66 0 0
272 128 0,71 52740 1,64 0 0
274 128 0,73 52061 1,62 0 0
276 128 0,75 51363 1,59 0 0
278 128 0,77 50642 1,57 0 0
280 128 0,79 49912 1,55 0 0
282 128 0,82 49157 1,52 0 0
284 128 0,84 48383 1,5 0 0
286 128 0,86 47586 1,48 0 0
288 128 0,88 46769 1,45 0 0
290 128 0,91 45923 1,42 0 0
292 128 0,93 45057 1,4 0 0
294 128 0,96 44157 1,37 0 0
296 128 0,98 43240 1,34 0 0
298 128 1,01 42296 1,31 0 0
300 128 1,04 41334 1,28 0 0
302 128 1,07 40338 1,25 0 0
304 128 1,09 39322 1,22 0 0
306 128 1,12 38286 1,19 0 0
308 128 1,15 37215 1,15 0 0
310 128 1,19 36108 1,12 0 0
312 128 1,22 34985 1,08 0 0
314 256 1,25 33826 1,05 0 0
316 256 1,29 32646 1,01 0 0
318 256 1,32 31417 0,97 0 0
320 256 1,36 30157 0,93 0 0
322 256 1,39 28860 0,89 0 0
324 256 1,43 27520 0,85 0 0
326 256 1,47 26157 0,81 0 0
328 256 1,51 24750 0,76 0 0
330 256 1,55 23314 0,72 0 0
332 256 1,59 21835 0,67 0 0
334 256 1,63 20304 0,63 0 0
336 256 1,68 18737 0,58 0 0
338 256 1,72 17134 0,53 0 0
340 256 1,77 15505 0,48 0 0
342 256 1,82 13830 0,42 0 0
344 256 1,87 12106 0,37 0 0
346 256 1,92 10350 0,32 0 3
348 256 1,97 8581 0,26 0 1
350 256 2,02 6848 0,21 0 9
352 256 2,06 5274 0,16 0 20
354 256 2,1 3863 0,12 0 36
356 256 2,13 2786 0,09 0 53
358 256 2,16 2002 0,06 0 89
360 256 2,18 1334 0,04 0 95
362 256 2,19 879 0,03 0 155
364 256 2,2 483 0,01 0 161
366 260 2,21 238 0,01 0 190
368 261 2,22 67 0,0 0 192
370 261 2,22 20 0,0 0 232
372 262 2,22 1 0,0 0 244
374 262 2,22 0 0,0 0 261
376 262 2,22 0 0,0 0 262
378 262 2,22 0 0,0 0 262
380 262 2,22 0 0,0 0 262
382 262 2,22 0 0,0 0 262
384 262 2,22 0 0,0 0 262
386 262 2,22 0 0,0 0 262
388 262 2,22 0 0,0 0 262
390 262 2,22 0 0,0 0 262
392 262 2,22 0 0,0 0 262
394 262 2,22 0 0,0 0 262
396 262 2,22 0 0,0 0 262
398 262 2,22 0 0,0 0 262
400 262 2,22 0 0,0 0 262
402 262 2,22 0 0,0 0 262
404 262 2,22 0 0,0 0 262
406 262 2,22 0 0,0 0 262
408 262 2,22 0 0,0 0 262
410 262 2,22 0 0,0 0 262
412 262 2,22 0 0,0 0 262
414 262 2,22 0 0,0 0 262
416 262 2,22 0 0,0 0 262
418 262 2,22 0 0,0 0 262
420 262 2,22 0 0,0 0 262
422 262 2,22 0 0,0 0 262
424 262 2,22 0 0,0 0 262
426 262 2,22 0 0,0 0 262
428 262 2,22 0 0,0 0 262
430 262 2,22 0 0,0 0 262
432 262 2,22 0 0,0 0 262
434 262 2,22 0 0,0 0 262
436 262 2,22 0 0,0 0 262
438 262 2,22 0 0,0 0 262
440 262 2,22 0 0,0 0 262
442 262 2,22 0 0,0 0 262
444 262 2,22 0 0,0 0 262
446 262 2,22 0 0,0 0 262
448 262 2,22 0 0,0 0 262
450 262 2,22 0 0,0 0 262
452 262 2,22 0 0,0 0 262
454 262 2,22 0 0,0 0 262
456 262 2,22 0 0,0 0 262
458 262 2,22 0 0,0 0 262
460 262 2,22 0 0,0 0 262
462 262 2,22 0 0,0 0 262
464 262 2,22 0 0,0 0 262
466 262 2,22 0 0,0 0 262
468 262 2,22 0 0,0 0 262
470 262 2,22 0 0,0 0 262
472 262 2,22 0 0,0 0 262
474 262 2,22 0 0,0 0 262
476 262 2,22 0 0,0 0 262
478 262 2,22 0 0,0 0 262
480 262 2,22 0 0,0 0 262
482 262 2,22 0 0,0 0 262
484 262 2,22 0 0,0 0 262
486 262 2,22 0 0,0 0 262
488 262 2,22 0 0,0 0 262
490 262 2,22 0 0,0 0 262
492 262 2,22 0 0,0 0 262
494 262 2,22 0 0,0 0 262
496 262 2,22 0 0,0 0 262
498 262 2,22 0 0,0 0 262
500 262 2,22 0 0,0 0 262
502 262 2,22 0 0,0 0 262
504 262 2,22 0 0,0 0 262
506 262 2,22 0 0,0 0 262
508 262 2,22 0 0,0 0 262
510 262 2,22 0 0,0 0 262
512 262 2,22 0 0,0 0 262
514 262 2,22 0 0,0 0 262
516 262 2,22 0 0,0 0 262
518 262 2,22 0 0,0 0 262
520 262 2,22 0 0,0 0 262
522 262 2,22 0 0,0 0 262
524 262 2,22 0 0,0 0 262
526 262 2,22 0 0,0 0 262
528 262 2,22 0 0,0 0 262
530 262 2,22 0 0,0 0 262
532 262 2,22 0 0,0 0 262
534 262 2,22 0 0,0 0 262
536 262 2,22 0 0,0 0 262
538 262 2,22 0 0,0 0 262
540 262 2,22 0 0,0 0 262
542 262 2,22 0 0,0 0 262
544 262 2,22 0 0,0 0 262
546 262 2,22 0 0,0 0 262
548 262 2,22 0 0,0 0 262
550 262 2,22 0 0,0 0 262
552 262 2,22 0 0,0 0 262
554 262 2,22 0 0,0 0 262
556 262 2,22 0 0,0 0 262
558 262 2,22 0 0,0 0 262
560 262 2,22 0 0,0 0 262
562 262 2,22 0 0,0 0 262
564 262 2,22 0 0,0 0 262
566 262 2,22 0 0,0 0 262
568 262 2,22 0 0,0 0 262
570 262 2,22 0 0,0 0 262
572 262 2,22 0 0,0 0 262
574 262 2,22 0 0,0 0 262
576 262 2,22 0 0,0 0 262
578 262 2,22 0 0,0 0 262
580 262 2,22 0 0,0 0 262
582 262 2,22 0 0,0 0 262
584 262 2,22 0 0,0 0 262
586 262 2,22 0 0,0 0 262
588 262 2,22 0 0,0 0 262
590 262 2,22 0 0,0 0 262
592 262 2,22 0 0,0 0 262
594 262 2,22 0 0,0 0 262
596 262 2,22 0 0,0 0 262
598 262 2,22 0 0,0 0 262
600 262 2,22 0 0,0 0 262
602 262 2,22 0 0,0 0 262
604 262 2,22 0 0,0 0 262
606 262 2,22 0 0,0 0 262
608 262 2,22 0 0,0 0 262
610 262 2,22 0 0,0 0 262
612 262 2,22 0 0,0 0 262
614 262 2,22 0 0,0 0 262
616 262 2,22 0 0,0 0 262
618 262 2,22 0 0,0 0 262
620 262 2,22 0 0,0 0 262
622 262 2,22 0 0,0 0 262
624 262 2,22 0 0,0 0 262
626 262 2,22 0 0,0 0 262
628 262 2,22 0 0,0 0 262
630 262 2,22 0 0,0 0 262
632 262 2,22 0 0,0 0 262
634 262 2,22 0 0,0 0 262
636 262 2,22 0 0,0 0 262
638 262 2,22 0 0,0 0 262
640 262 2,22 0 0,0 0 262
642 262 2,22 0 0,0 0 262
644 262 2,22 0 0,0 0 262
646 262 2,22 0 0,0 0 262
648 262 2,22 0 0,0 0 262
650 262 2,22 0 0,0 0 262
652 262 2,22 0 0,0 0 262
654 262 2,22 0 0,0 0 262
656 262 2,22 0 0,0 0 262
658 262 2,22 0 0,0 0 262
660 262 2,22 0 0,0 0 262
662 262 2,22 0 0,0 0 262
664 262 2,22 0 0,0 0 262
666 262 2,22 0 0,0 0 262
668 262 2,22 0 0,0 0 262
670 262 2,22 0 0,0 0 262
672 262 2,22 0 0,0 0 262
674 262 2,22 0 0,0 0 262
676 262 2,22 0 0,0 0 262
678 262 2,22 0 0,0 0 262
680 262 2,22 0 0,0 0 262
682 262 2,22 0 0,0 0 262
684 262 2,22 0 0,0 0 262
686 262 2,22 0 0,0 0 262
688 262 2,22 0 0,0 0 262
690 262 2,22 0 0,0 0 262
692 262 2,22 0 0,0 0 262
694 262 2,22 0 0,0 0 262
696 262 2,22 0 0,0 0 262
698 262 2,22 0 0,0 0 262
700 262 2,22 0 0,0 0 262
702 262 2,22 0 0,0 0 262
704 262 2,22 0 0,0 0 262
706 262 2,22 0 0,0 0 262
708 262 2,22 0 0,0 0 262
710 262 2,22 0 0,0 0 262
712 262 2,22 0 0,0 0 262
714 262 2,22 0 0,0 0 262
716 262 2,22 0 0,0 0 262
718 262 2,22 0 0,0 0 262
720 262 2,22 0 0,0 0 262
722 262 2,22 0 0,0 0 262
724 262 2,22 0 0,0 0 262
726 262 2,22 0 0,0 0 262
728 262 2,22 0 0,0 0 262
730 262 2,22 0 0,0 0 262
732 262 2,22 0 0,0 0 262
734 262 2,22 0 0,0 0 262
736 262 2,22 0 0,0 0 262
738 262 2,22 0 0,0 0 262
740 262 2,22 0 0,0 0 262
742 262 2,22 0 0,0 0 262
744 262 2,22 0 0,0 0 262
746 262 2,22 0 0,0 0 262
748 262 2,22 0 0,0 0 262
750 262 2,22 0 0,0 0 262
752 262 2,22 0 0,0 0 262
754 262 2,22 0 0,0 0 262
756 262 2,22 0 0,0 0 262
758 262 2,22 0 0,0 0 262
760 262 2,22 0 0,0 0 262
762 262 2,22 0 0,0 0 262
764 262 2,22 0 0,0 0 262
766 262 2,22 0 0,0 0 262
768 262 2,22 0 0,0 0 262
770 262 2,22 0 0,0 0 262
772 262 2,22 0 0,0 0 262
774 262 2,22 0 0,0 0 262
776 262 2,22 0 0,0 0 262
778 262 2,22 0 0,0 0 262
780 262 2,22 0 0,0 0 262
782 262 2,22 0 0,0 0 262
784 262 2,22 0 0,0 0 262
786 262 2,22 0 0,0 0 262
788 262 2,22 0 0,0 0 262
790 262 2,22 0 0,0 0 262
792 262 2,22 0 0,0 0 262
794 262 2,22 0 0,0 0 262
796 262 2,22 0 0,0 0 262
798 262 2,22 0 0,0 0 262
800 262 2,22 0 0,0 0 262
802 262 2,22 0 0,0 0 262
804 262 2,22 0 0,0 0 262
806 262 2,22 0 0,0 0 262
808 262 2,22 0 0,0 0 262
810 262 2,22 0 0,0 0 262
812 262 2,22 0 0,0 0 262
814 262 2,22 0 0,0 0 262
816 262 2,22 0 0,0 0 262
818 262 2,22 0 0,0 0 262
820 262 2,22 0 0,0 0 262
822 262 2,22 0 0,0 0 262
824 262 2,22 0 0,0 0 262
826 262 2,22 0 0,0 0 262
828 262 2,22 0 0,0 0 262
830 262 2,22 0 0,0 0 262
832 262 2,22 0 0,0 0 262
834 262 2,22 0 0,0 0 262
836 262 2,22 0 0,0 0 262
838 262 2,22 0 0,0 0 262
840 262 2,22 0 0,0 0 262
842 262 2,22 0 0,0 0 262
844 262 2,22 0 0,0 0 262
846 262 2,22 0 0,0 0 262
848 262 2,22 0 0,0 0 262
850 262 2,22 0 0,0 0 262
852 262 2,22 0 0,0 0 262
854 262 2,22 0 0,0 0 262
856 262 2,22 0 0,0 0 262
858 262 2,22 0 0,0 0 262
860 262 2,22 0 0,0 0 262
862 262 2,22 0 0,0 0 262
864 262 2,22 0 0,0 0 262
866 262 2,22 0 0,0 0 262
868 262 2,22 0 0,0 0 262
870 262 2,22 0 0,0 0 262
872 262 2,22 0 0,0 0 262
874 262 2,22 0 0,0 0 262
876 262 2,22 0 0,0 0 262
878 262 2,22 0 0,0 0 262
880 262 2,22 0 0,0 0 262
882 262 2,22 0 0,0 0 262
884 262 2,22 0 0,0 0 262
886 262 2,22 0 0,0 0 262
888 262 2,22 0 0,0 0 262
890 262 2,22 0 0,0 0 262
892 262 2,22 0 0,0 0 262
894 262 2,22 0 0,0 0 262
896 262 2,22 0 0,0 0 262
898 262 2,22 0 0,0 0 262
900 262 2,22 0 0,0 0 262
902 262 2,22 0 0,0 0 262
904 262 2,22 0 0,0 0 262
906 262 2,22 0 0,0 0 262
908 262 2,22 0 0,0 0 262
910 262 2,22 0 0,0 0 262
912 262 2,22 0 0,0 0 262
914 262 2,22 0 0,0 0 262
916 262 2,22 0 0,0 0 262
918 262 2,22 0 0,0 0 262
920 262 2,22 0 0,0 0 262
922 262 2,22 0 0,0 0 262
924 262 2,22 0 0,0 0 262
926 262 2,22 0 0,0 0 262
928 262 2,22 0 0,0 0 262
930 262 2,22 0 0,0 0 262
932 262 2,22 0 0,0 0 262
934 262 2,22 0 0,0 0 262
936 262 2,22 0 0,0 0 262
938 262 2,22 0 0,0 0 262
940 262 2,22 0 0,0 0 262
942 262 2,22 0 0,0 0 262
944 262 2,22 0 0,0 0 262
946 262 2,22 0 0,0 0 262
948 262 2,22 0 0,0 0 262
950 262 2,22 0 0,0 0 262
952 262 2,22 0 0,0 0 262
954 262 2,22 0 0,0 0 262
956 262 2,22 0 0,0 0 262
958 262 2,22 0 0,0 0 262
960 262 2,22 0 0,0 0 262
962 262 2,22 0 0,0 0 262
964 262 2,22 0 0,0 0 262
966 262 2,22 0 0,0 0 262
968 262 2,22 0 0,0 0 262
970 262 2,22 0 0,0 0 262
972 262 2,22 0 0,0 0 262
974 262 2,22 0 0,0 0 262
976 262 2,22 0 0,0 0 262
978 262 2,22 0 0,0 0 262
980 262 2,22 0 0,0 0 262
982 262 2,22 0 0,0 0 262
984 262 2,22 0 0,0 0 262
986 262 2,22 0 0,0 0 262
988 262 2,22 0 0,0 0 262
990 262 2,22 0 0,0 0 262
992 262 2,22 0 0,0 0 262
994 262 2,22 0 0,0 0 262
996 262 2,22 0 0,0 0 262
998 262 2,22 0 0,0 0 262
1000 262 2,22 0 0,0 0 262
1002 262 2,22 0 0,0 0 262
1004 262 2,22 0 0,0 0 262
1006 262 2,22 0 0,0 0 262
1008 262 2,22 0 0,0 0 262
1010 262 2,22 0 0,0 0 262
1012 262 2,22 0 0,0 0 262
1014 262 2,22 0 0,0 0 262
1016 262 2,22 0 0,0 0 262
1018 262 2,22 0 0,0 0 262
1020 262 2,22 0 0,0 0 262
1022 262 2,22 0 0,0 0 262
1024 262 2,22 0 0,0 0 262
1026 262 2,22 0 0,0 0 262
1028 262 2,22 0 0,0 0 262
1030 262 2,22 0 0,0 0 262
1032 262 2,22 0 0,0 0 262
1034 262 2,22 0 0,0 0 262
1036 262 2,22 0 0,0 0 262
1038 262 2,22 0 0,0 0 262
1040 262 2,22 0 0,0 0 262
1042 262 2,22 0 0,0 0 262
1044 262 2,22 0 0,0 0 262
1046 262 2,22 0 0,0 0 262
1048 262 2,22 0 0,0 0 262
1050 262 2,22 0 0,0 0 262
1052 262 2,22 0 0,0 0 262
1054 262 2,22 0 0,0 0 262
1056 262 2,22 0 0,0 0 262
1058 262 2,22 0 0,0 0 262
1060 262 2,22 0 0,0 0 262
1062 262 2,22 0 0,0 0 262
1064 262 2,22 0 0,0 0 262
1066 262 2,22 0 0,0 0 262
1068 262 2,22 0 0,0 0 262
1070 262 2,22 0 0,0 0 262
1072 262 2,22 0 0,0 0 262
1074 262 2,22 0 0,0 0 262
1076 262 2,22 0 0,0 0 262
1078 262 2,22 0 0,0 0 262
1080 262 2,22 0 0,0 0 262
1082 262 2,22 0 0,0 0 262
1084 262 2,22 0 0,0 0 262
1086 262 2,22 0 0,0 0 262
1088 262 2,22 0 0,0 0 262
1090 262 2,22 0 0,0 0 262
1092 262 2,22 0 0,0 0 262
1094 262 2,22 0 0,0 0 262
1096 262 2,22 0 0,0 0 262
1098 262 2,22 0 0,0 0 262
1100 262 2,22 0 0,0 0 262
1102 262 2,22 0 0,0 0 262
1104 262 2,22 0 0,0 0 262
1106 262 2,22 0 0,0 0 262
1108 262 2,22 0 0,0 0 262
1110 262 2,22 0 0,0 0 262
1112 262 2,22 0 0,0 0 262
1114 262 2,22 0 0,0 0 262
1116 262 2,22 0 0,0 0 262
1118 262 2,22 0 0,0 0 262
1120 262 2,22 0 0,0 0 262
1122 262 2,22 0 0,0 0 262
1124 262 2,22 0 0,0 0 262
1126 262 2,22 0 0,0 0 262
1128 262 2,22 0 0,0 0 262
1130 262 2,22 0 0,0 0 262
1132 262 2,22 0 0,0 0 262
1134 262 2,22 0 0,0 0 262
1136 262 2,22 0 0,0 0 262
1138 262 2,22 0 0,0 0 262
1140 262 2,22 0 0,0 0 262
1142 262 2,22 0 0,0 0 262
1144 262 2,22 0 0,0 0 262
1146 262 2,22 0 0,0 0 262
1148 262 2,22 0 0,0 0 262
1150 262 2,22 0 0,0 0 262
1152 262 2,22 0 0,0 0 262
1154 262 2,22 0 0,0 0 262
1156 262 2,22 0 0,0 0 262
1158 262 2,22 0 0,0 0 262
1160 262 2,22 0 0,0 0 262
1162 262 2,22 0 0,0 0 262
1164 262 2,22 0 0,0 0 262
1166 262 2,22 0 0,0 0 262
1168 262 2,22 0 0,0 0 262
1170 262 2,22 0 0,0 0 262
1172 262 2,22 0 0,0 0 262
1174 262 2,22 0 0,0 0 262
1176 262 2,22 0 0,0 0 262
1178 262 2,22 0 0,0 0 262
1180 262 2,22 0 0,0 0 262
1182 262 2,22 0 0,0 0 262
1184 262 2,22 0 0,0 0 262
1186 262 2,22 0 0,0 0 262
1188 262 2,22 0 0,0 0 262
1190 262 2,22 0 0,0 0 262
1192 262 2,22 0 0,0 0 262
1194 262 2,22 0 0,0 0 262
1196 262 2,22 0 0,0 0 262
1198 262 2,22 0 0,0 0 262
1200 262 2,22 0 0,0 0 262
1202 262 2,22 0 0,0 0 262
1204 262 2,22 0 0,0 0 262
1206 262 2,22 0 0,0 0 262
1208 262 2,22 0 0,0 0 262
1210 262 2,22 0 0,0 0 262
1212 262 2,22 0 0,0 0 262
1214 262 2,22 0 0,0 0 262
1216 262 2,22 0 0,0 0 262
1218 262 2,22 0 0,0 0 262
1220 262 2,22 0 0,0 0 262
1222 262 2,22 0 0,0 0 262
1224 262 2,22 0 0,0 0 262
1226 262 2,22 0 0,0 0 262
1228 262 2,22 0 0,0 0 262
1230 262 2,22 0 0,0 0 262
1232 262 2,22 0 0,0 0 262
1234 262 2,22 0 0,0 0 262
1236 262 2,22 0 0,0 0 262
1238 262 2,22 0 0,0 0 262
1240 262 2,22 0 0,0 0 262
1242 262 2,22 0 0,0 0 262
1244 262 2,22 0 0,0 0 262
1246 262 2,22 0 0,0 0 262
1248 262 2,22 0 0,0 0 262
1250 262 2,22 0 0,0 0 262
1252 262 2,22 0 0,0 0 262
1254 262 2,22 0 0,0 0 262
1256 262 2,22 0 0,0 0 262
1258 262 2,22 0 0,0 0 262
1260 262 2,22 0 0,0 0 262
1262 262 2,22 0 0,0 0 262
1264 262 2,22 0 0,0 0 262
1266 262 2,22 0 0,0 0 262
1268 262 2,22 0 0,0 0 262
1270 262 2,22 0 0,0 0 262
1272 262 2,22 0 0,0 0 262
1274 262 2,22 0 0,0 0 262
1276 262 2,22 0 0,0 0 262
1278 262 2,22 0 0,0 0 262
1280 262 2,22 0 0,0 0 262
1282 262 2,22 0 0,0 0 262
1284 262 2,22 0 0,0 0 262
1286 262 2,22 0 0,0 0 262
1288 262 2,22 0 0,0 0 262
1290 262 2,22 0 0,0 0 262
1292 262 2,22 0 0,0 0 262
1294 262 2,22 0 0,0 0 262
1296 262 2,22 0 0,0 0 262
1298 262 2,22 0 0,0 0 262
1300 262 2,22 0 0,0 0 262
1302 262 2,22 0 0,0 0 262
1304 262 2,22 0 0,0 0 262
1306 262 2,22 0 0,0 0 262
1308 262 2,22 0 0,0 0 262
1310 262 2,22 0 0,0 0 262
1312 262 2,22 0 0,0 0 262
1314 262 2,22 0 0,0 0 262
1316 262 2,22 0 0,0 0 262
1318 262 2,22 0 0,0 0 262
1320 262 2,22 0 0,0 0 262
1322 262 2,22 0 0,0 0 262
1324 262 2,22 0 0,0 0 262
1326 262 2,22 0 0,0 0 262
1328 262 2,22 0 0,0 0 262
1330 262 2,22 0 0,0 0 262
1332 262 2,22 0 0,0 0 262
1334 262 2,22 0 0,0 0 262
1336 262 2,22 0 0,0 0 262
1338 262 2,22 0 0,0 0 262
1340 262 2,22 0 0,0 0 262
1342 262 2,22 0 0,0 0 262
1344 262 2,22 0 0,0 0 262
1346 262 2,22 0 0,0 0 262
1348 262 2,22 0 0,0 0 262
1350 262 2,22 0 0,0 0 262
1352 262 2,22 0 0,0 0 262
1354 262 2,22 0 0,0 0 262
1356 262 2,22 0 0,0 0 262
1358 262 2,22 0 0,0 0 262
1360 262 2,22 0 0,0 0 262
1362 262 2,22 0 0,0 0 262
1364 262 2,22 0 0,0 0 262
1366 262 2,22 0 0,0 0 262
1368 262 2,22 0 0,0 0 262
1370 262 2,22 0 0,0 0 262
1372 262 2,22 0 0,0 0 262
1374 262 2,22 0 0,0 0 262
1376 262 2,22 0 0,0 0 262
1378 262 2,22 0 0,0 0 262
1380 262 2,22 0 0,0 0 262
1382 262 2,22 0 0,0 0 262
1384 262 2,22 0 0,0 0 262
1386 262 2,22 0 0,0 0 262
1388 262 2,22 0 0,0 0 262
1390 262 2,22 0 0,0 0 262
1392 262 2,22 0 0,0 0 262
1394 262 2,22 0 0,0 0 262
1396 262 2,22 0 0,0 0 262
1398 262 2,22 0 0,0 0 262
1400 262 2,22 0 0,0 0 262
1402 262 2,22 0 0,0 0 262
1404 262 2,22 0 0,0 0 262
1406 262 2,22 0 0,0 0 262
1408 262 2,22 0 0,0 0 262
1410 262 2,22 0 0,0 0 262
1412 262 2,22 0 0,0 0 262
1414 262 2,22 0 0,0 0 262
1416 262 2,22 0 0,0 0 262
1418 262 2,22 0 0,0 0 262
1420 262 2,22 0 0,0 0 262
1422 262 2,22 0 0,0 0 262
1424 262 2,22 0 0,0 0 262
1426 262 2,22 0 0,0 0 262
1428 262 2,22 0 0,0 0 262
1430 262 2,22 0 0,0 0 262
1432 262 2,22 0 0,0 0 262
1434 262 2,22 0 0,0 0 262
1436 262 2,22 0 0,0 0 262
1438 262 2,22 0 0,0 0 262
1440 262 2,22 0 0,0 0 262
