Time PAO1_Count PAO1_Conc Acetate_Count Acetate_Conc PAO1_Died bacteria_couldn't_eat
0 4 0.02 77081 2.4 0 0
2 4 0.02 77081 2.4 0 0
4 4 0.03 76837 2.39 0 0
6 8 0.04 76482 2.38 0 0
8 8 0.06 75961 2.36 0 0
10 16 0.09 75209 2.34 0 0
12 16 0.13 74104 2.31 0 0
14 31 0.18 72566 2.26 0 0
16 32 0.26 70383 2.19 0 0
18 61 0.38 67277 2.09 0 0
20 63 0.54 62848 1.96 0 1
22 121 0.77 56666 1.76 0 0
24 127 1.08 48397 1.5 0 8
26 225 1.49 37923 1.18 0 3
28 307 1.96 26369 0.82 0 41
30 366 2.46 14637 0.46 0 53
32 399 2.83 6501 0.2 0 80
34 427 3.01 2500 0.08 0 109
36 438 3.09 751 0.02 0 229
38 439 3.12 105 0.0 0 314
40 439 3.12 6 0.0 0 386
42 439 3.12 0 0.0 0 433
44 439 3.12 0 0.0 0 439
46 439 3.12 0 0.0 0 439
48 439 3.12 0 0.0 0 439
50 439 3.12 0 0.0 0 439
52 439 3.12 0 0.0 0 439
54 439 3.12 0 0.0 0 439
56 439 3.12 0 0.0 0 439
58 439 3.12 0 0.0 0 439
60 439 3.12 0 0.0 0 439
62 439 3.12 0 0.0 0 439
64 439 3.12 0 0.0 0 439
66 439 3.12 0 0.0 0 439
68 439 3.12 0 0.0 0 439
70 439 3.12 0 0.0 0 439
72 439 3.12 0 0.0 0 439
74 439 3.12 0 0.0 0 439
76 439 3.12 0 0.0 0 439
78 439 3.12 0 0.0 0 439
80 439 3.12 0 0.0 0 439
82 439 3.12 0 0.0 0 439
84 439 3.12 0 0.0 0 439
86 439 3.12 0 0.0 0 439
88 439 3.12 0 0.0 0 439
90 439 3.12 0 0.0 0 439
92 439 3.12 0 0.0 0 439
94 439 3.12 0 0.0 0 439
96 439 3.12 0 0.0 0 439
98 439 3.12 0 0.0 0 439
100 439 3.12 0 0.0 0 439
102 439 3.12 0 0.0 0 439
104 439 3.12 0 0.0 0 439
106 439 3.12 0 0.0 0 439
108 439 3.12 0 0.0 0 439
110 439 3.12 0 0.0 0 439
112 439 3.12 0 0.0 0 439
114 439 3.12 0 0.0 0 439
116 439 3.12 0 0.0 0 439
118 439 3.12 0 0.0 0 439
120 439 3.12 0 0.0 0 439
122 439 3.12 0 0.0 0 439
124 439 3.12 0 0.0 0 439
126 439 3.12 0 0.0 0 439
128 439 3.12 0 0.0 0 439
130 439 3.12 0 0.0 0 439
132 439 3.12 0 0.0 0 439
134 439 3.12 0 0.0 0 439
136 439 3.12 0 0.0 0 439
138 439 3.12 0 0.0 0 439
140 439 3.12 0 0.0 0 439
142 439 3.12 0 0.0 0 439
144 439 3.12 0 0.0 0 439
146 439 3.12 0 0.0 0 439
148 439 3.12 0 0.0 0 439
150 439 3.12 0 0.0 0 439
152 439 3.12 0 0.0 0 439
154 439 3.12 0 0.0 0 439
156 439 3.12 0 0.0 0 439
158 439 3.12 0 0.0 0 439
160 439 3.12 0 0.0 0 439
162 439 3.12 0 0.0 0 439
164 439 3.12 0 0.0 0 439
166 439 3.12 0 0.0 0 439
168 439 3.12 0 0.0 0 439
170 439 3.12 0 0.0 0 439
172 439 3.12 0 0.0 0 439
174 439 3.12 0 0.0 0 439
176 439 3.12 0 0.0 0 439
178 439 3.12 0 0.0 0 439
180 439 3.12 0 0.0 0 439
182 439 3.12 0 0.0 0 439
184 439 3.12 0 0.0 0 439
186 439 3.12 0 0.0 0 439
188 439 3.12 0 0.0 0 439
190 439 3.12 0 0.0 0 439
192 439 3.12 0 0.0 0 439
194 439 3.12 0 0.0 0 439
196 439 3.12 0 0.0 0 439
198 439 3.12 0 0.0 0 439
200 439 3.12 0 0.0 0 439
202 439 3.12 0 0.0 0 439
204 439 3.12 0 0.0 0 439
206 439 3.12 0 0.0 0 439
208 439 3.12 0 0.0 0 439
210 439 3.12 0 0.0 0 439
212 439 3.12 0 0.0 0 439
214 439 3.12 0 0.0 0 439
216 439 3.12 0 0.0 0 439
218 439 3.12 0 0.0 0 439
220 439 3.12 0 0.0 0 439
222 439 3.12 0 0.0 0 439
224 439 3.12 0 0.0 0 439
226 439 3.12 0 0.0 0 439
228 439 3.12 0 0.0 0 439
230 439 3.12 0 0.0 0 439
232 439 3.12 0 0.0 0 439
234 439 3.12 0 0.0 0 439
236 439 3.12 0 0.0 0 439
238 439 3.12 0 0.0 0 439
240 439 3.12 0 0.0 0 439
242 439 3.12 0 0.0 0 439
244 439 3.12 0 0.0 0 439
246 439 3.12 0 0.0 0 439
248 439 3.12 0 0.0 0 439
250 439 3.12 0 0.0 0 439
252 439 3.12 0 0.0 0 439
254 439 3.12 0 0.0 0 439
256 439 3.12 0 0.0 0 439
258 439 3.12 0 0.0 0 439
260 439 3.12 0 0.0 0 439
262 439 3.12 0 0.0 0 439
264 439 3.12 0 0.0 0 439
266 439 3.12 0 0.0 0 439
268 439 3.12 0 0.0 0 439
270 439 3.12 0 0.0 0 439
272 439 3.12 0 0.0 0 439
274 439 3.12 0 0.0 0 439
276 439 3.12 0 0.0 0 439
278 439 3.12 0 0.0 0 439
280 439 3.12 0 0.0 0 439
282 439 3.12 0 0.0 0 439
284 439 3.12 0 0.0 0 439
286 439 3.12 0 0.0 0 439
288 439 3.12 0 0.0 0 439
290 439 3.12 0 0.0 0 439
292 439 3.12 0 0.0 0 439
294 439 3.12 0 0.0 0 439
296 439 3.12 0 0.0 0 439
298 439 3.12 0 0.0 0 439
300 439 3.12 0 0.0 0 439
302 439 3.12 0 0.0 0 439
304 439 3.12 0 0.0 0 439
306 439 3.12 0 0.0 0 439
308 439 3.12 0 0.0 0 439
310 439 3.12 0 0.0 0 439
312 439 3.12 0 0.0 0 439
314 439 3.12 0 0.0 0 439
316 439 3.12 0 0.0 0 439
318 439 3.12 0 0.0 0 439
320 439 3.12 0 0.0 0 439
322 439 3.12 0 0.0 0 439
324 439 3.12 0 0.0 0 439
326 439 3.12 0 0.0 0 439
328 439 3.12 0 0.0 0 439
330 439 3.12 0 0.0 0 439
332 439 3.12 0 0.0 0 439
334 439 3.12 0 0.0 0 439
336 439 3.12 0 0.0 0 439
338 439 3.12 0 0.0 0 439
340 439 3.12 0 0.0 0 439
342 439 3.12 0 0.0 0 439
344 439 3.12 0 0.0 0 439
346 439 3.12 0 0.0 0 439
348 439 3.12 0 0.0 0 439
350 439 3.12 0 0.0 0 439
352 439 3.12 0 0.0 0 439
354 439 3.12 0 0.0 0 439
356 439 3.12 0 0.0 0 439
358 439 3.12 0 0.0 0 439
360 439 3.12 0 0.0 0 439
362 439 3.12 0 0.0 0 439
364 439 3.12 0 0.0 0 439
366 439 3.12 0 0.0 0 439
368 439 3.12 0 0.0 0 439
370 439 3.12 0 0.0 0 439
372 439 3.12 0 0.0 0 439
374 439 3.12 0 0.0 0 439
376 439 3.12 0 0.0 0 439
378 439 3.12 0 0.0 0 439
380 439 3.12 0 0.0 0 439
382 439 3.12 0 0.0 0 439
384 439 3.12 0 0.0 0 439
386 439 3.12 0 0.0 0 439
388 439 3.12 0 0.0 0 439
390 439 3.12 0 0.0 0 439
392 439 3.12 0 0.0 0 439
394 439 3.12 0 0.0 0 439
396 439 3.12 0 0.0 0 439
398 439 3.12 0 0.0 0 439
400 439 3.12 0 0.0 0 439
402 439 3.12 0 0.0 0 439
404 439 3.12 0 0.0 0 439
406 439 3.12 0 0.0 0 439
408 439 3.12 0 0.0 0 439
410 439 3.12 0 0.0 0 439
412 439 3.12 0 0.0 0 439
414 439 3.12 0 0.0 0 439
416 439 3.12 0 0.0 0 439
418 439 3.12 0 0.0 0 439
420 439 3.12 0 0.0 0 439
422 439 3.12 0 0.0 0 439
424 439 3.12 0 0.0 0 439
426 439 3.12 0 0.0 0 439
428 439 3.12 0 0.0 0 439
430 439 3.12 0 0.0 0 439
432 439 3.12 0 0.0 0 439
434 439 3.12 0 0.0 0 439
436 439 3.12 0 0.0 0 439
438 439 3.12 0 0.0 0 439
440 439 3.12 0 0.0 0 439
442 439 3.12 0 0.0 0 439
444 439 3.12 0 0.0 0 439
446 439 3.12 0 0.0 0 439
448 439 3.12 0 0.0 0 439
450 439 3.12 0 0.0 0 439
452 439 3.12 0 0.0 0 439
454 439 3.12 0 0.0 0 439
456 439 3.12 0 0.0 0 439
458 439 3.12 0 0.0 0 439
460 439 3.12 0 0.0 0 439
462 439 3.12 0 0.0 0 439
464 439 3.12 0 0.0 0 439
466 439 3.12 0 0.0 0 439
468 439 3.12 0 0.0 0 439
470 439 3.12 0 0.0 0 439
472 439 3.12 0 0.0 0 439
474 439 3.12 0 0.0 0 439
476 439 3.12 0 0.0 0 439
478 439 3.12 0 0.0 0 439
480 439 3.12 0 0.0 0 439
482 439 3.12 0 0.0 0 439
484 439 3.12 0 0.0 0 439
486 439 3.12 0 0.0 0 439
488 439 3.12 0 0.0 0 439
490 439 3.12 0 0.0 0 439
492 439 3.12 0 0.0 0 439
494 439 3.12 0 0.0 0 439
496 439 3.12 0 0.0 0 439
498 439 3.12 0 0.0 0 439
500 439 3.12 0 0.0 0 439
502 439 3.12 0 0.0 0 439
504 439 3.12 0 0.0 0 439
506 439 3.12 0 0.0 0 439
508 439 3.12 0 0.0 0 439
510 439 3.12 0 0.0 0 439
512 439 3.12 0 0.0 0 439
514 439 3.12 0 0.0 0 439
516 439 3.12 0 0.0 0 439
518 439 3.12 0 0.0 0 439
520 439 3.12 0 0.0 0 439
522 439 3.12 0 0.0 0 439
524 439 3.12 0 0.0 0 439
526 439 3.12 0 0.0 0 439
528 439 3.12 0 0.0 0 439
530 439 3.12 0 0.0 0 439
532 439 3.12 0 0.0 0 439
534 439 3.12 0 0.0 0 439
536 439 3.12 0 0.0 0 439
538 439 3.12 0 0.0 0 439
540 439 3.12 0 0.0 0 439
542 439 3.12 0 0.0 0 439
544 439 3.12 0 0.0 0 439
546 439 3.12 0 0.0 0 439
548 439 3.12 0 0.0 0 439
550 439 3.12 0 0.0 0 439
552 439 3.12 0 0.0 0 439
554 439 3.12 0 0.0 0 439
556 439 3.12 0 0.0 0 439
558 439 3.12 0 0.0 0 439
560 439 3.12 0 0.0 0 439
562 439 3.12 0 0.0 0 439
564 439 3.12 0 0.0 0 439
566 439 3.12 0 0.0 0 439
568 439 3.12 0 0.0 0 439
570 439 3.12 0 0.0 0 439
572 439 3.12 0 0.0 0 439
574 439 3.12 0 0.0 0 439
576 439 3.12 0 0.0 0 439
578 439 3.12 0 0.0 0 439
580 439 3.12 0 0.0 0 439
582 439 3.12 0 0.0 0 439
584 439 3.12 0 0.0 0 439
586 439 3.12 0 0.0 0 439
588 439 3.12 0 0.0 0 439
590 439 3.12 0 0.0 0 439
592 439 3.12 0 0.0 0 439
594 439 3.12 0 0.0 0 439
596 439 3.12 0 0.0 0 439
598 439 3.12 0 0.0 0 439
600 439 3.12 0 0.0 0 439
602 439 3.12 0 0.0 0 439
604 439 3.12 0 0.0 0 439
606 439 3.12 0 0.0 0 439
608 439 3.12 0 0.0 0 439
610 439 3.12 0 0.0 0 439
612 439 3.12 0 0.0 0 439
614 439 3.12 0 0.0 0 439
616 439 3.12 0 0.0 0 439
618 439 3.12 0 0.0 0 439
620 439 3.12 0 0.0 0 439
622 439 3.12 0 0.0 0 439
624 439 3.12 0 0.0 0 439
626 439 3.12 0 0.0 0 439
628 439 3.12 0 0.0 0 439
630 439 3.12 0 0.0 0 439
632 439 3.12 0 0.0 0 439
634 439 3.12 0 0.0 0 439
636 439 3.12 0 0.0 0 439
638 439 3.12 0 0.0 0 439
640 439 3.12 0 0.0 0 439
642 439 3.12 0 0.0 0 439
644 439 3.12 0 0.0 0 439
646 439 3.12 0 0.0 0 439
648 439 3.12 0 0.0 0 439
650 439 3.12 0 0.0 0 439
652 439 3.12 0 0.0 0 439
654 439 3.12 0 0.0 0 439
656 439 3.12 0 0.0 0 439
658 439 3.12 0 0.0 0 439
660 439 3.12 0 0.0 0 439
662 439 3.12 0 0.0 0 439
664 439 3.12 0 0.0 0 439
666 439 3.12 0 0.0 0 439
668 439 3.12 0 0.0 0 439
670 439 3.12 0 0.0 0 439
672 439 3.12 0 0.0 0 439
674 439 3.12 0 0.0 0 439
676 439 3.12 0 0.0 0 439
678 439 3.12 0 0.0 0 439
680 439 3.12 0 0.0 0 439
682 439 3.12 0 0.0 0 439
684 439 3.12 0 0.0 0 439
686 439 3.12 0 0.0 0 439
688 439 3.12 0 0.0 0 439
690 439 3.12 0 0.0 0 439
692 439 3.12 0 0.0 0 439
694 439 3.12 0 0.0 0 439
696 439 3.12 0 0.0 0 439
698 439 3.12 0 0.0 0 439
700 439 3.12 0 0.0 0 439
702 439 3.12 0 0.0 0 439
704 439 3.12 0 0.0 0 439
706 439 3.12 0 0.0 0 439
708 439 3.12 0 0.0 0 439
710 439 3.12 0 0.0 0 439
712 439 3.12 0 0.0 0 439
714 439 3.12 0 0.0 0 439
716 439 3.12 0 0.0 0 439
718 439 3.12 0 0.0 0 439
720 439 3.12 0 0.0 0 439
722 439 3.12 0 0.0 0 439
724 439 3.12 0 0.0 0 439
726 439 3.12 0 0.0 0 439
728 439 3.12 0 0.0 0 439
730 439 3.12 0 0.0 0 439
732 439 3.12 0 0.0 0 439
734 439 3.12 0 0.0 0 439
736 439 3.12 0 0.0 0 439
738 439 3.12 0 0.0 0 439
740 439 3.12 0 0.0 0 439
742 439 3.12 0 0.0 0 439
744 439 3.12 0 0.0 0 439
746 439 3.12 0 0.0 0 439
748 439 3.12 0 0.0 0 439
750 439 3.12 0 0.0 0 439
752 439 3.12 0 0.0 0 439
754 439 3.12 0 0.0 0 439
756 439 3.12 0 0.0 0 439
758 439 3.12 0 0.0 0 439
760 439 3.12 0 0.0 0 439
762 439 3.12 0 0.0 0 439
764 439 3.12 0 0.0 0 439
766 439 3.12 0 0.0 0 439
768 439 3.12 0 0.0 0 439
770 439 3.12 0 0.0 0 439
772 439 3.12 0 0.0 0 439
774 439 3.12 0 0.0 0 439
776 439 3.12 0 0.0 0 439
778 439 3.12 0 0.0 0 439
780 439 3.12 0 0.0 0 439
782 439 3.12 0 0.0 0 439
784 439 3.12 0 0.0 0 439
786 439 3.12 0 0.0 0 439
788 439 3.12 0 0.0 0 439
790 439 3.12 0 0.0 0 439
792 439 3.12 0 0.0 0 439
794 439 3.12 0 0.0 0 439
796 439 3.12 0 0.0 0 439
798 439 3.12 0 0.0 0 439
800 439 3.12 0 0.0 0 439
802 439 3.12 0 0.0 0 439
804 439 3.12 0 0.0 0 439
806 439 3.12 0 0.0 0 439
808 439 3.12 0 0.0 0 439
810 439 3.12 0 0.0 0 439
812 439 3.12 0 0.0 0 439
814 439 3.12 0 0.0 0 439
816 439 3.12 0 0.0 0 439
818 439 3.12 0 0.0 0 439
820 439 3.12 0 0.0 0 439
822 439 3.12 0 0.0 0 439
824 439 3.12 0 0.0 0 439
826 439 3.12 0 0.0 0 439
828 439 3.12 0 0.0 0 439
830 439 3.12 0 0.0 0 439
832 439 3.12 0 0.0 0 439
834 439 3.12 0 0.0 0 439
836 439 3.12 0 0.0 0 439
838 439 3.12 0 0.0 0 439
840 439 3.12 0 0.0 0 439
842 439 3.12 0 0.0 0 439
844 439 3.12 0 0.0 0 439
846 439 3.12 0 0.0 0 439
848 439 3.12 0 0.0 0 439
850 439 3.12 0 0.0 0 439
852 439 3.12 0 0.0 0 439
854 439 3.12 0 0.0 0 439
856 439 3.12 0 0.0 0 439
858 439 3.12 0 0.0 0 439
860 439 3.12 0 0.0 0 439
862 439 3.12 0 0.0 0 439
864 439 3.12 0 0.0 0 439
866 439 3.12 0 0.0 0 439
868 439 3.12 0 0.0 0 439
870 439 3.12 0 0.0 0 439
872 439 3.12 0 0.0 0 439
874 439 3.12 0 0.0 0 439
876 439 3.12 0 0.0 0 439
878 439 3.12 0 0.0 0 439
880 439 3.12 0 0.0 0 439
882 439 3.12 0 0.0 0 439
884 439 3.12 0 0.0 0 439
886 439 3.12 0 0.0 0 439
888 439 3.12 0 0.0 0 439
890 439 3.12 0 0.0 0 439
892 439 3.12 0 0.0 0 439
894 439 3.12 0 0.0 0 439
896 439 3.12 0 0.0 0 439
898 439 3.12 0 0.0 0 439
900 439 3.12 0 0.0 0 439
902 439 3.12 0 0.0 0 439
904 439 3.12 0 0.0 0 439
906 439 3.12 0 0.0 0 439
908 439 3.12 0 0.0 0 439
910 439 3.12 0 0.0 0 439
912 439 3.12 0 0.0 0 439
914 439 3.12 0 0.0 0 439
916 439 3.12 0 0.0 0 439
918 439 3.12 0 0.0 0 439
920 439 3.12 0 0.0 0 439
922 439 3.12 0 0.0 0 439
924 439 3.12 0 0.0 0 439
926 439 3.12 0 0.0 0 439
928 439 3.12 0 0.0 0 439
930 439 3.12 0 0.0 0 439
932 439 3.12 0 0.0 0 439
934 439 3.12 0 0.0 0 439
936 439 3.12 0 0.0 0 439
938 439 3.12 0 0.0 0 439
940 439 3.12 0 0.0 0 439
942 439 3.12 0 0.0 0 439
944 439 3.12 0 0.0 0 439
946 439 3.12 0 0.0 0 439
948 439 3.12 0 0.0 0 439
950 439 3.12 0 0.0 0 439
952 439 3.12 0 0.0 0 439
954 439 3.12 0 0.0 0 439
956 439 3.12 0 0.0 0 439
958 439 3.12 0 0.0 0 439
960 439 3.12 0 0.0 0 439
962 439 3.12 0 0.0 0 439
964 439 3.12 0 0.0 0 439
966 439 3.12 0 0.0 0 439
968 439 3.12 0 0.0 0 439
970 439 3.12 0 0.0 0 439
972 439 3.12 0 0.0 0 439
974 439 3.12 0 0.0 0 439
976 439 3.12 0 0.0 0 439
978 439 3.12 0 0.0 0 439
980 439 3.12 0 0.0 0 439
982 439 3.12 0 0.0 0 439
984 439 3.12 0 0.0 0 439
986 439 3.12 0 0.0 0 439
988 439 3.12 0 0.0 0 439
990 439 3.12 0 0.0 0 439
992 439 3.12 0 0.0 0 439
994 439 3.12 0 0.0 0 439
996 439 3.12 0 0.0 0 439
998 439 3.12 0 0.0 0 439
1000 439 3.12 0 0.0 0 439
1002 439 3.12 0 0.0 0 439
1004 439 3.12 0 0.0 0 439
1006 439 3.12 0 0.0 0 439
1008 439 3.12 0 0.0 0 439
1010 439 3.12 0 0.0 0 439
1012 439 3.12 0 0.0 0 439
1014 439 3.12 0 0.0 0 439
1016 439 3.12 0 0.0 0 439
1018 439 3.12 0 0.0 0 439
1020 439 3.12 0 0.0 0 439
1022 439 3.12 0 0.0 0 439
1024 439 3.12 0 0.0 0 439
1026 439 3.12 0 0.0 0 439
1028 439 3.12 0 0.0 0 439
1030 439 3.12 0 0.0 0 439
1032 439 3.12 0 0.0 0 439
1034 439 3.12 0 0.0 0 439
1036 439 3.12 0 0.0 0 439
1038 439 3.12 0 0.0 0 439
1040 439 3.12 0 0.0 0 439
1042 439 3.12 0 0.0 0 439
1044 439 3.12 0 0.0 0 439
1046 439 3.12 0 0.0 0 439
1048 439 3.12 0 0.0 0 439
1050 439 3.12 0 0.0 0 439
1052 439 3.12 0 0.0 0 439
1054 439 3.12 0 0.0 0 439
1056 439 3.12 0 0.0 0 439
1058 439 3.12 0 0.0 0 439
1060 439 3.12 0 0.0 0 439
1062 439 3.12 0 0.0 0 439
1064 439 3.12 0 0.0 0 439
1066 439 3.12 0 0.0 0 439
1068 439 3.12 0 0.0 0 439
1070 439 3.12 0 0.0 0 439
1072 439 3.12 0 0.0 0 439
1074 439 3.12 0 0.0 0 439
1076 439 3.12 0 0.0 0 439
1078 439 3.12 0 0.0 0 439
1080 439 3.12 0 0.0 0 439
1082 439 3.12 0 0.0 0 439
1084 439 3.12 0 0.0 0 439
1086 439 3.12 0 0.0 0 439
1088 439 3.12 0 0.0 0 439
1090 439 3.12 0 0.0 0 439
1092 439 3.12 0 0.0 0 439
1094 439 3.12 0 0.0 0 439
1096 439 3.12 0 0.0 0 439
1098 439 3.12 0 0.0 0 439
1100 439 3.12 0 0.0 0 439
1102 439 3.12 0 0.0 0 439
1104 439 3.12 0 0.0 0 439
1106 439 3.12 0 0.0 0 439
1108 439 3.12 0 0.0 0 439
1110 439 3.12 0 0.0 0 439
1112 439 3.12 0 0.0 0 439
1114 439 3.12 0 0.0 0 439
1116 439 3.12 0 0.0 0 439
1118 439 3.12 0 0.0 0 439
1120 439 3.12 0 0.0 0 439
1122 439 3.12 0 0.0 0 439
1124 439 3.12 0 0.0 0 439
1126 439 3.12 0 0.0 0 439
1128 439 3.12 0 0.0 0 439
1130 439 3.12 0 0.0 0 439
1132 439 3.12 0 0.0 0 439
1134 439 3.12 0 0.0 0 439
1136 439 3.12 0 0.0 0 439
1138 439 3.12 0 0.0 0 439
1140 439 3.12 0 0.0 0 439
1142 439 3.12 0 0.0 0 439
1144 439 3.12 0 0.0 0 439
1146 439 3.12 0 0.0 0 439
1148 439 3.12 0 0.0 0 439
1150 439 3.12 0 0.0 0 439
1152 439 3.12 0 0.0 0 439
1154 439 3.12 0 0.0 0 439
1156 439 3.12 0 0.0 0 439
1158 439 3.12 0 0.0 0 439
1160 439 3.12 0 0.0 0 439
1162 439 3.12 0 0.0 0 439
1164 439 3.12 0 0.0 0 439
1166 439 3.12 0 0.0 0 439
1168 439 3.12 0 0.0 0 439
1170 439 3.12 0 0.0 0 439
1172 439 3.12 0 0.0 0 439
1174 439 3.12 0 0.0 0 439
1176 439 3.12 0 0.0 0 439
1178 439 3.12 0 0.0 0 439
1180 439 3.12 0 0.0 0 439
1182 439 3.12 0 0.0 0 439
1184 439 3.12 0 0.0 0 439
1186 439 3.12 0 0.0 0 439
1188 439 3.12 0 0.0 0 439
1190 439 3.12 0 0.0 0 439
1192 439 3.12 0 0.0 0 439
1194 439 3.12 0 0.0 0 439
1196 439 3.12 0 0.0 0 439
1198 439 3.12 0 0.0 0 439
1200 439 3.12 0 0.0 0 439
1202 439 3.12 0 0.0 0 439
1204 439 3.12 0 0.0 0 439
1206 439 3.12 0 0.0 0 439
1208 439 3.12 0 0.0 0 439
1210 439 3.12 0 0.0 0 439
1212 439 3.12 0 0.0 0 439
1214 439 3.12 0 0.0 0 439
1216 439 3.12 0 0.0 0 439
1218 439 3.12 0 0.0 0 439
1220 439 3.12 0 0.0 0 439
1222 439 3.12 0 0.0 0 439
1224 439 3.12 0 0.0 0 439
1226 439 3.12 0 0.0 0 439
1228 439 3.12 0 0.0 0 439
1230 439 3.12 0 0.0 0 439
1232 439 3.12 0 0.0 0 439
1234 439 3.12 0 0.0 0 439
1236 439 3.12 0 0.0 0 439
1238 439 3.12 0 0.0 0 439
1240 439 3.12 0 0.0 0 439
1242 439 3.12 0 0.0 0 439
1244 439 3.12 0 0.0 0 439
1246 439 3.12 0 0.0 0 439
1248 439 3.12 0 0.0 0 439
1250 439 3.12 0 0.0 0 439
1252 439 3.12 0 0.0 0 439
1254 439 3.12 0 0.0 0 439
1256 439 3.12 0 0.0 0 439
1258 439 3.12 0 0.0 0 439
1260 439 3.12 0 0.0 0 439
1262 439 3.12 0 0.0 0 439
1264 439 3.12 0 0.0 0 439
1266 439 3.12 0 0.0 0 439
1268 439 3.12 0 0.0 0 439
1270 439 3.12 0 0.0 0 439
1272 439 3.12 0 0.0 0 439
1274 439 3.12 0 0.0 0 439
1276 439 3.12 0 0.0 0 439
1278 439 3.12 0 0.0 0 439
1280 439 3.12 0 0.0 0 439
1282 439 3.12 0 0.0 0 439
1284 439 3.12 0 0.0 0 439
1286 439 3.12 0 0.0 0 439
1288 439 3.12 0 0.0 0 439
1290 439 3.12 0 0.0 0 439
1292 439 3.12 0 0.0 0 439
1294 439 3.12 0 0.0 0 439
1296 439 3.12 0 0.0 0 439
1298 439 3.12 0 0.0 0 439
1300 439 3.12 0 0.0 0 439
1302 439 3.12 0 0.0 0 439
1304 439 3.12 0 0.0 0 439
1306 439 3.12 0 0.0 0 439
1308 439 3.12 0 0.0 0 439
1310 439 3.12 0 0.0 0 439
1312 439 3.12 0 0.0 0 439
1314 439 3.12 0 0.0 0 439
1316 439 3.12 0 0.0 0 439
1318 439 3.12 0 0.0 0 439
1320 439 3.12 0 0.0 0 439
1322 439 3.12 0 0.0 0 439
1324 439 3.12 0 0.0 0 439
1326 439 3.12 0 0.0 0 439
1328 439 3.12 0 0.0 0 439
1330 439 3.12 0 0.0 0 439
1332 439 3.12 0 0.0 0 439
1334 439 3.12 0 0.0 0 439
1336 439 3.12 0 0.0 0 439
1338 438 3.12 0 0.0 1 439
1340 438 3.12 0 0.0 1 438
1342 438 3.12 0 0.0 1 438
1344 438 3.12 0 0.0 1 438
1346 438 3.12 0 0.0 1 438
1348 438 3.12 0 0.0 1 438
1350 438 3.12 0 0.0 1 438
1352 438 3.12 0 0.0 1 438
1354 438 3.12 0 0.0 1 438
1356 438 3.12 0 0.0 1 438
1358 438 3.12 0 0.0 1 438
1360 438 3.12 0 0.0 1 438
1362 438 3.12 0 0.0 1 438
1364 438 3.12 0 0.0 1 438
1366 438 3.12 0 0.0 1 438
1368 438 3.12 0 0.0 1 438
1370 438 3.12 0 0.0 1 438
1372 438 3.12 0 0.0 1 438
1374 438 3.12 0 0.0 1 438
1376 438 3.12 0 0.0 1 438
1378 438 3.12 0 0.0 1 438
1380 438 3.12 0 0.0 1 438
1382 438 3.12 0 0.0 1 438
1384 438 3.12 0 0.0 1 438
1386 438 3.12 0 0.0 1 438
1388 438 3.12 0 0.0 1 438
1390 438 3.12 0 0.0 1 438
1392 438 3.12 0 0.0 1 438
1394 438 3.12 0 0.0 1 438
1396 438 3.12 0 0.0 1 438
1398 438 3.12 0 0.0 1 438
1400 438 3.12 0 0.0 1 438
1402 438 3.12 0 0.0 1 438
1404 438 3.12 0 0.0 1 438
1406 438 3.12 0 0.0 1 438
1408 438 3.12 0 0.0 1 438
1410 438 3.12 0 0.0 1 438
1412 438 3.12 0 0.0 1 438
1414 438 3.12 0 0.0 1 438
1416 438 3.12 0 0.0 1 438
1418 438 3.12 0 0.0 1 438
1420 438 3.12 0 0.0 1 438
1422 438 3.12 0 0.0 1 438
1424 438 3.12 0 0.0 1 438
1426 438 3.12 0 0.0 1 438
1428 438 3.12 0 0.0 1 438
1430 438 3.12 0 0.0 1 438
1432 438 3.12 0 0.0 1 438
1434 438 3.12 0 0.0 1 438
1436 438 3.12 0 0.0 1 438
1438 438 3.12 0 0.0 1 438
1440 438 3.12 0 0.0 1 438
