Time PAO1_Count PAO1_Conc Acetate_Count Acetate_Conc PAO1_Died bacteria_couldn't_eat
0 4 0.02 77081 2.4 0 0
2 4 0.02 77081 2.4 0 0
4 4 0.02 77071 2.4 0 0
6 4 0.02 77060 2.4 0 0
8 4 0.02 77048 2.4 0 0
10 4 0.02 77038 2.4 0 0
12 4 0.02 77026 2.4 0 0
14 4 0.02 77014 2.4 0 0
16 4 0.02 77002 2.4 0 0
18 4 0.02 76988 2.4 0 0
20 4 0.02 76976 2.4 0 0
22 4 0.02 76964 2.4 0 0
24 4 0.02 76950 2.4 0 0
26 4 0.03 76936 2.4 0 0
28 4 0.03 76921 2.4 0 0
30 4 0.03 76907 2.4 0 0
32 4 0.03 76892 2.39 0 0
34 4 0.03 76876 2.39 0 0
36 4 0.03 76860 2.39 0 0
38 4 0.03 76843 2.39 0 0
40 4 0.03 76826 2.39 0 0
42 4 0.03 76808 2.39 0 0
44 4 0.03 76791 2.39 0 0
46 4 0.03 76772 2.39 0 0
48 4 0.03 76752 2.39 0 0
50 4 0.03 76732 2.39 0 0
52 4 0.03 76712 2.39 0 0
54 4 0.04 76691 2.39 0 0
56 4 0.04 76670 2.39 0 0
58 4 0.04 76649 2.39 0 0
60 5 0.04 76628 2.39 0 0
62 8 0.04 76605 2.39 0 0
64 8 0.04 76584 2.39 0 0
66 8 0.04 76561 2.38 0 0
68 8 0.04 76538 2.38 0 0
70 8 0.04 76514 2.38 0 0
72 8 0.04 76489 2.38 0 0
74 8 0.05 76465 2.38 0 0
76 8 0.05 76440 2.38 0 0
78 8 0.05 76414 2.38 0 0
80 8 0.05 76389 2.38 0 0
82 8 0.05 76363 2.38 0 0
84 8 0.05 76336 2.38 0 0
86 8 0.05 76307 2.38 0 0
88 8 0.05 76276 2.38 0 0
90 8 0.05 76247 2.37 0 0
92 8 0.06 76215 2.37 0 0
94 8 0.06 76183 2.37 0 0
96 8 0.06 76151 2.37 0 0
98 8 0.06 76118 2.37 0 0
100 8 0.06 76084 2.37 0 0
102 8 0.06 76046 2.37 0 0
104 8 0.07 76010 2.37 0 0
106 8 0.07 75972 2.37 0 0
108 8 0.07 75934 2.37 0 0
110 8 0.07 75895 2.36 0 0
112 8 0.07 75853 2.36 0 0
114 8 0.07 75810 2.36 0 0
116 8 0.08 75769 2.36 0 0
118 11 0.08 75722 2.36 0 0
120 16 0.08 75678 2.36 0 0
122 16 0.08 75635 2.36 0 0
124 16 0.08 75592 2.35 0 0
126 16 0.08 75544 2.35 0 0
128 16 0.09 75498 2.35 0 0
130 16 0.09 75450 2.35 0 0
132 16 0.09 75400 2.35 0 0
134 16 0.09 75350 2.35 0 0
136 16 0.1 75298 2.35 0 0
138 16 0.1 75241 2.34 0 0
140 16 0.1 75187 2.34 0 0
142 16 0.1 75131 2.34 0 0
144 16 0.1 75073 2.34 0 0
146 16 0.11 75014 2.34 0 0
148 16 0.11 74953 2.33 0 0
150 16 0.11 74890 2.33 0 0
152 16 0.12 74826 2.33 0 0
154 16 0.12 74758 2.33 0 0
156 16 0.12 74689 2.33 0 0
158 16 0.12 74619 2.32 0 0
160 16 0.13 74548 2.32 0 0
162 16 0.13 74475 2.32 0 0
164 16 0.13 74402 2.32 0 0
166 16 0.14 74324 2.31 0 0
168 16 0.14 74242 2.31 0 0
170 16 0.14 74164 2.31 0 0
172 16 0.15 74082 2.31 0 0
174 16 0.15 73995 2.3 0 0
176 22 0.15 73909 2.3 0 0
178 32 0.16 73820 2.3 0 0
180 32 0.16 73728 2.3 0 0
182 32 0.17 73639 2.29 0 0
184 32 0.17 73545 2.29 0 0
186 32 0.17 73449 2.29 0 0
188 32 0.18 73352 2.28 0 0
190 32 0.18 73254 2.28 0 0
192 32 0.19 73154 2.28 0 0
194 32 0.19 73053 2.28 0 0
196 32 0.2 72953 2.27 0 0
198 32 0.2 72843 2.27 0 0
200 32 0.2 72731 2.27 0 0
202 32 0.21 72614 2.26 0 0
204 32 0.21 72492 2.26 0 0
206 32 0.22 72369 2.25 0 0
208 32 0.23 72242 2.25 0 0
210 32 0.23 72113 2.25 0 0
212 32 0.24 71983 2.24 0 0
214 32 0.24 71847 2.24 0 0
216 32 0.25 71711 2.23 0 0
218 32 0.25 71567 2.23 0 0
220 32 0.26 71421 2.22 0 0
222 32 0.27 71272 2.22 0 0
224 32 0.27 71120 2.21 0 0
226 32 0.28 70961 2.21 0 0
228 32 0.29 70794 2.2 0 0
230 32 0.3 70624 2.2 0 0
232 36 0.3 70451 2.19 0 0
234 47 0.31 70272 2.19 0 0
236 64 0.32 70097 2.18 0 0
238 64 0.33 69921 2.18 0 0
240 64 0.33 69733 2.17 0 0
242 64 0.34 69545 2.17 0 0
244 64 0.35 69356 2.16 0 0
246 64 0.36 69162 2.15 0 0
248 64 0.37 68970 2.15 0 0
250 64 0.37 68769 2.14 0 0
252 64 0.38 68568 2.14 0 0
254 64 0.39 68364 2.13 0 0
256 64 0.4 68142 2.12 0 0
258 64 0.41 67920 2.11 0 0
260 64 0.42 67693 2.11 0 0
262 64 0.43 67451 2.1 0 0
264 64 0.44 67198 2.09 0 0
266 64 0.45 66942 2.08 0 0
268 64 0.46 66686 2.08 0 0
270 64 0.47 66422 2.07 0 0
272 64 0.49 66150 2.06 0 0
274 64 0.5 65872 2.05 0 0
276 64 0.51 65582 2.04 0 0
278 64 0.52 65277 2.03 0 0
280 64 0.54 64977 2.02 0 0
282 64 0.55 64663 2.01 0 0
284 64 0.56 64346 2.0 0 0
286 64 0.58 64016 1.99 0 0
288 66 0.59 63672 1.98 0 0
290 73 0.61 63324 1.97 0 0
292 93 0.62 62974 1.96 0 0
294 127 0.64 62625 1.95 0 0
296 128 0.65 62275 1.94 0 0
298 128 0.67 61910 1.93 0 0
300 128 0.68 61537 1.92 0 0
302 128 0.7 61154 1.9 0 0
304 128 0.71 60767 1.89 0 0
306 128 0.73 60376 1.88 0 0
308 128 0.75 59980 1.87 0 0
310 128 0.77 59576 1.86 0 0
312 128 0.78 59155 1.84 0 0
314 128 0.8 58722 1.83 0 0
316 128 0.82 58278 1.82 0 0
318 128 0.84 57809 1.8 0 0
320 128 0.86 57340 1.79 0 0
322 128 0.88 56843 1.77 0 0
324 128 0.9 56337 1.75 0 0
326 128 0.93 55816 1.74 0 0
328 128 0.95 55290 1.72 0 0
330 128 0.97 54749 1.71 0 0
332 128 0.99 54191 1.69 0 0
334 128 1.02 53619 1.67 0 0
336 128 1.04 53029 1.65 0 0
338 128 1.07 52419 1.63 0 0
340 128 1.1 51785 1.61 0 0
342 128 1.12 51142 1.59 0 0
344 128 1.15 50482 1.57 0 0
346 131 1.18 49807 1.55 0 0
348 148 1.21 49107 1.53 0 0
350 189 1.24 48402 1.51 0 0
352 241 1.27 47700 1.49 0 0
354 255 1.3 46998 1.46 0 0
356 256 1.33 46275 1.44 0 0
358 256 1.36 45535 1.42 0 0
360 256 1.4 44774 1.39 0 0
362 256 1.43 44009 1.37 0 0
364 256 1.46 43230 1.35 0 0
366 256 1.5 42429 1.32 0 0
368 256 1.53 41617 1.3 0 0
370 256 1.57 40779 1.27 0 0
372 256 1.6 39929 1.24 0 0
374 256 1.64 39025 1.22 0 0
376 256 1.68 38089 1.19 0 0
378 256 1.72 37124 1.16 0 0
380 256 1.76 36135 1.13 0 0
382 256 1.81 35126 1.09 0 0
384 256 1.85 34091 1.06 0 0
386 256 1.9 33038 1.03 0 0
388 256 1.94 31953 1.0 0 0
390 256 1.99 30842 0.96 0 0
392 256 2.04 29686 0.92 0 0
394 256 2.09 28485 0.89 0 0
396 256 2.14 27270 0.85 0 0
398 256 2.19 26006 0.81 0 0
400 256 2.25 24714 0.77 0 0
402 257 2.31 23406 0.73 0 0
404 264 2.36 22062 0.69 0 0
406 295 2.42 20684 0.64 0 0
408 376 2.48 19261 0.6 0 0
410 477 2.54 17837 0.56 0 0
412 512 2.6 16412 0.51 0 0
414 512 2.67 14965 0.47 0 0
416 512 2.73 13477 0.42 0 0
418 512 2.79 11952 0.37 0 0
420 512 2.86 10416 0.32 0 3
422 512 2.93 8869 0.28 0 6
424 512 2.99 7288 0.23 0 1
426 512 3.06 5758 0.18 0 22
428 512 3.12 4266 0.13 0 44
430 512 3.18 2982 0.09 0 99
432 512 3.22 1989 0.06 0 176
434 512 3.25 1233 0.04 0 260
436 512 3.28 642 0.02 0 316
438 512 3.29 249 0.01 0 372
440 512 3.3 46 0.0 0 427
442 512 3.3 0 0.0 0 480
444 512 3.3 0 0.0 0 512
446 512 3.3 0 0.0 0 512
448 512 3.3 0 0.0 0 512
450 512 3.3 0 0.0 0 512
452 512 3.3 0 0.0 0 512
454 512 3.3 0 0.0 0 512
456 512 3.3 0 0.0 0 512
458 512 3.3 0 0.0 0 512
460 512 3.3 0 0.0 0 512
462 512 3.3 0 0.0 0 512
464 512 3.3 0 0.0 0 512
466 512 3.3 0 0.0 0 512
468 512 3.3 0 0.0 0 512
470 512 3.3 0 0.0 0 512
472 512 3.3 0 0.0 0 512
474 512 3.3 0 0.0 0 512
476 512 3.3 0 0.0 0 512
478 512 3.3 0 0.0 0 512
480 512 3.3 0 0.0 0 512
482 512 3.3 0 0.0 0 512
484 512 3.3 0 0.0 0 512
486 512 3.3 0 0.0 0 512
488 512 3.3 0 0.0 0 512
490 512 3.3 0 0.0 0 512
492 512 3.3 0 0.0 0 512
494 512 3.3 0 0.0 0 512
496 512 3.3 0 0.0 0 512
498 512 3.3 0 0.0 0 512
500 512 3.3 0 0.0 0 512
502 512 3.3 0 0.0 0 512
504 512 3.3 0 0.0 0 512
506 512 3.3 0 0.0 0 512
508 512 3.3 0 0.0 0 512
510 512 3.3 0 0.0 0 512
512 512 3.3 0 0.0 0 512
514 512 3.3 0 0.0 0 512
516 512 3.3 0 0.0 0 512
518 512 3.3 0 0.0 0 512
520 512 3.3 0 0.0 0 512
522 512 3.3 0 0.0 0 512
524 512 3.3 0 0.0 0 512
526 512 3.3 0 0.0 0 512
528 512 3.3 0 0.0 0 512
530 512 3.3 0 0.0 0 512
532 512 3.3 0 0.0 0 512
534 512 3.3 0 0.0 0 512
536 512 3.3 0 0.0 0 512
538 512 3.3 0 0.0 0 512
540 512 3.3 0 0.0 0 512
542 512 3.3 0 0.0 0 512
544 512 3.3 0 0.0 0 512
546 512 3.3 0 0.0 0 512
548 512 3.3 0 0.0 0 512
550 512 3.3 0 0.0 0 512
552 512 3.3 0 0.0 0 512
554 512 3.3 0 0.0 0 512
556 512 3.3 0 0.0 0 512
558 512 3.3 0 0.0 0 512
560 512 3.3 0 0.0 0 512
562 512 3.3 0 0.0 0 512
564 512 3.3 0 0.0 0 512
566 512 3.3 0 0.0 0 512
568 512 3.3 0 0.0 0 512
570 512 3.3 0 0.0 0 512
572 512 3.3 0 0.0 0 512
574 512 3.3 0 0.0 0 512
576 512 3.3 0 0.0 0 512
578 512 3.3 0 0.0 0 512
580 512 3.3 0 0.0 0 512
582 512 3.3 0 0.0 0 512
584 512 3.3 0 0.0 0 512
586 512 3.3 0 0.0 0 512
588 512 3.3 0 0.0 0 512
590 512 3.3 0 0.0 0 512
592 512 3.3 0 0.0 0 512
594 512 3.3 0 0.0 0 512
596 512 3.3 0 0.0 0 512
598 512 3.3 0 0.0 0 512
600 512 3.3 0 0.0 0 512
602 512 3.3 0 0.0 0 512
604 512 3.3 0 0.0 0 512
606 512 3.3 0 0.0 0 512
608 512 3.3 0 0.0 0 512
610 512 3.3 0 0.0 0 512
612 512 3.3 0 0.0 0 512
614 512 3.3 0 0.0 0 512
616 512 3.3 0 0.0 0 512
618 512 3.3 0 0.0 0 512
620 512 3.3 0 0.0 0 512
622 512 3.3 0 0.0 0 512
624 512 3.3 0 0.0 0 512
626 512 3.3 0 0.0 0 512
628 512 3.3 0 0.0 0 512
630 512 3.3 0 0.0 0 512
632 512 3.3 0 0.0 0 512
634 512 3.3 0 0.0 0 512
636 512 3.3 0 0.0 0 512
638 512 3.3 0 0.0 0 512
640 512 3.3 0 0.0 0 512
642 512 3.3 0 0.0 0 512
644 512 3.3 0 0.0 0 512
646 512 3.3 0 0.0 0 512
648 512 3.3 0 0.0 0 512
650 512 3.3 0 0.0 0 512
652 512 3.3 0 0.0 0 512
654 512 3.3 0 0.0 0 512
656 512 3.3 0 0.0 0 512
658 512 3.3 0 0.0 0 512
660 512 3.3 0 0.0 0 512
662 512 3.3 0 0.0 0 512
664 512 3.3 0 0.0 0 512
666 512 3.3 0 0.0 0 512
668 512 3.3 0 0.0 0 512
670 512 3.3 0 0.0 0 512
672 512 3.3 0 0.0 0 512
674 512 3.3 0 0.0 0 512
676 512 3.3 0 0.0 0 512
678 512 3.3 0 0.0 0 512
680 512 3.3 0 0.0 0 512
682 512 3.3 0 0.0 0 512
684 512 3.3 0 0.0 0 512
686 512 3.3 0 0.0 0 512
688 512 3.3 0 0.0 0 512
690 512 3.3 0 0.0 0 512
692 512 3.3 0 0.0 0 512
694 512 3.3 0 0.0 0 512
696 512 3.3 0 0.0 0 512
698 512 3.3 0 0.0 0 512
700 512 3.3 0 0.0 0 512
702 512 3.3 0 0.0 0 512
704 512 3.3 0 0.0 0 512
706 512 3.3 0 0.0 0 512
708 512 3.3 0 0.0 0 512
710 512 3.3 0 0.0 0 512
712 512 3.3 0 0.0 0 512
714 512 3.3 0 0.0 0 512
716 512 3.3 0 0.0 0 512
718 512 3.3 0 0.0 0 512
720 512 3.3 0 0.0 0 512
722 512 3.3 0 0.0 0 512
724 512 3.3 0 0.0 0 512
726 512 3.3 0 0.0 0 512
728 512 3.3 0 0.0 0 512
730 512 3.3 0 0.0 0 512
732 512 3.3 0 0.0 0 512
734 512 3.3 0 0.0 0 512
736 512 3.3 0 0.0 0 512
738 512 3.3 0 0.0 0 512
740 512 3.3 0 0.0 0 512
742 512 3.3 0 0.0 0 512
744 512 3.3 0 0.0 0 512
746 512 3.3 0 0.0 0 512
748 512 3.3 0 0.0 0 512
750 512 3.3 0 0.0 0 512
752 512 3.3 0 0.0 0 512
754 512 3.3 0 0.0 0 512
756 512 3.3 0 0.0 0 512
758 512 3.3 0 0.0 0 512
760 512 3.3 0 0.0 0 512
762 512 3.3 0 0.0 0 512
764 512 3.3 0 0.0 0 512
766 512 3.3 0 0.0 0 512
768 512 3.3 0 0.0 0 512
770 512 3.3 0 0.0 0 512
772 512 3.3 0 0.0 0 512
774 512 3.3 0 0.0 0 512
776 512 3.3 0 0.0 0 512
778 512 3.3 0 0.0 0 512
780 512 3.3 0 0.0 0 512
782 512 3.3 0 0.0 0 512
784 512 3.3 0 0.0 0 512
786 512 3.3 0 0.0 0 512
788 512 3.3 0 0.0 0 512
790 512 3.3 0 0.0 0 512
792 512 3.3 0 0.0 0 512
794 512 3.3 0 0.0 0 512
796 512 3.3 0 0.0 0 512
798 512 3.3 0 0.0 0 512
800 512 3.3 0 0.0 0 512
802 512 3.3 0 0.0 0 512
804 512 3.3 0 0.0 0 512
806 512 3.3 0 0.0 0 512
808 512 3.3 0 0.0 0 512
810 512 3.3 0 0.0 0 512
812 512 3.3 0 0.0 0 512
814 512 3.3 0 0.0 0 512
816 512 3.3 0 0.0 0 512
818 512 3.3 0 0.0 0 512
820 512 3.3 0 0.0 0 512
822 512 3.3 0 0.0 0 512
824 512 3.3 0 0.0 0 512
826 512 3.3 0 0.0 0 512
828 512 3.3 0 0.0 0 512
830 512 3.3 0 0.0 0 512
832 512 3.3 0 0.0 0 512
834 512 3.3 0 0.0 0 512
836 512 3.3 0 0.0 0 512
838 512 3.3 0 0.0 0 512
840 512 3.3 0 0.0 0 512
842 512 3.3 0 0.0 0 512
844 512 3.3 0 0.0 0 512
846 512 3.3 0 0.0 0 512
848 512 3.3 0 0.0 0 512
850 512 3.3 0 0.0 0 512
852 512 3.3 0 0.0 0 512
854 512 3.3 0 0.0 0 512
856 512 3.3 0 0.0 0 512
858 512 3.3 0 0.0 0 512
860 512 3.3 0 0.0 0 512
862 512 3.3 0 0.0 0 512
864 512 3.3 0 0.0 0 512
866 512 3.3 0 0.0 0 512
868 512 3.3 0 0.0 0 512
870 512 3.3 0 0.0 0 512
872 512 3.3 0 0.0 0 512
874 512 3.3 0 0.0 0 512
876 512 3.3 0 0.0 0 512
878 512 3.3 0 0.0 0 512
880 512 3.3 0 0.0 0 512
882 512 3.3 0 0.0 0 512
884 512 3.3 0 0.0 0 512
886 512 3.3 0 0.0 0 512
888 512 3.3 0 0.0 0 512
890 512 3.3 0 0.0 0 512
892 512 3.3 0 0.0 0 512
894 512 3.3 0 0.0 0 512
896 512 3.3 0 0.0 0 512
898 512 3.3 0 0.0 0 512
900 512 3.3 0 0.0 0 512
902 512 3.3 0 0.0 0 512
904 512 3.3 0 0.0 0 512
906 512 3.3 0 0.0 0 512
908 512 3.3 0 0.0 0 512
910 512 3.3 0 0.0 0 512
912 512 3.3 0 0.0 0 512
914 512 3.3 0 0.0 0 512
916 512 3.3 0 0.0 0 512
918 512 3.3 0 0.0 0 512
920 512 3.3 0 0.0 0 512
922 512 3.3 0 0.0 0 512
924 512 3.3 0 0.0 0 512
926 512 3.3 0 0.0 0 512
928 512 3.3 0 0.0 0 512
930 512 3.3 0 0.0 0 512
932 512 3.3 0 0.0 0 512
934 512 3.3 0 0.0 0 512
936 512 3.3 0 0.0 0 512
938 512 3.3 0 0.0 0 512
940 512 3.3 0 0.0 0 512
942 512 3.3 0 0.0 0 512
944 512 3.3 0 0.0 0 512
946 512 3.3 0 0.0 0 512
948 512 3.3 0 0.0 0 512
950 512 3.3 0 0.0 0 512
952 512 3.3 0 0.0 0 512
954 512 3.3 0 0.0 0 512
956 512 3.3 0 0.0 0 512
958 512 3.3 0 0.0 0 512
960 512 3.3 0 0.0 0 512
962 512 3.3 0 0.0 0 512
964 512 3.3 0 0.0 0 512
966 512 3.3 0 0.0 0 512
968 512 3.3 0 0.0 0 512
970 512 3.3 0 0.0 0 512
972 512 3.3 0 0.0 0 512
974 512 3.3 0 0.0 0 512
976 512 3.3 0 0.0 0 512
978 512 3.3 0 0.0 0 512
980 512 3.3 0 0.0 0 512
982 512 3.3 0 0.0 0 512
984 512 3.3 0 0.0 0 512
986 512 3.3 0 0.0 0 512
988 512 3.3 0 0.0 0 512
990 512 3.3 0 0.0 0 512
992 512 3.3 0 0.0 0 512
994 512 3.3 0 0.0 0 512
996 512 3.3 0 0.0 0 512
998 512 3.3 0 0.0 0 512
1000 512 3.3 0 0.0 0 512
1002 512 3.3 0 0.0 0 512
1004 512 3.3 0 0.0 0 512
1006 512 3.3 0 0.0 0 512
1008 512 3.3 0 0.0 0 512
1010 512 3.3 0 0.0 0 512
1012 512 3.3 0 0.0 0 512
1014 512 3.3 0 0.0 0 512
1016 512 3.3 0 0.0 0 512
1018 512 3.3 0 0.0 0 512
1020 512 3.3 0 0.0 0 512
1022 512 3.3 0 0.0 0 512
1024 512 3.3 0 0.0 0 512
1026 512 3.3 0 0.0 0 512
1028 512 3.3 0 0.0 0 512
1030 512 3.3 0 0.0 0 512
1032 512 3.3 0 0.0 0 512
1034 512 3.3 0 0.0 0 512
1036 512 3.3 0 0.0 0 512
1038 512 3.3 0 0.0 0 512
1040 512 3.3 0 0.0 0 512
1042 512 3.3 0 0.0 0 512
1044 512 3.3 0 0.0 0 512
1046 512 3.3 0 0.0 0 512
1048 512 3.3 0 0.0 0 512
1050 512 3.3 0 0.0 0 512
1052 512 3.3 0 0.0 0 512
1054 512 3.3 0 0.0 0 512
1056 512 3.3 0 0.0 0 512
1058 512 3.3 0 0.0 0 512
1060 512 3.3 0 0.0 0 512
1062 512 3.3 0 0.0 0 512
1064 512 3.3 0 0.0 0 512
1066 512 3.3 0 0.0 0 512
1068 512 3.3 0 0.0 0 512
1070 512 3.3 0 0.0 0 512
1072 512 3.3 0 0.0 0 512
1074 512 3.3 0 0.0 0 512
1076 512 3.3 0 0.0 0 512
1078 512 3.3 0 0.0 0 512
1080 512 3.3 0 0.0 0 512
1082 512 3.3 0 0.0 0 512
1084 512 3.3 0 0.0 0 512
1086 512 3.3 0 0.0 0 512
1088 512 3.3 0 0.0 0 512
1090 512 3.3 0 0.0 0 512
1092 512 3.3 0 0.0 0 512
1094 512 3.3 0 0.0 0 512
1096 512 3.3 0 0.0 0 512
1098 512 3.3 0 0.0 0 512
1100 512 3.3 0 0.0 0 512
1102 512 3.3 0 0.0 0 512
1104 512 3.3 0 0.0 0 512
1106 512 3.3 0 0.0 0 512
1108 512 3.3 0 0.0 0 512
1110 512 3.3 0 0.0 0 512
1112 512 3.3 0 0.0 0 512
1114 512 3.3 0 0.0 0 512
1116 512 3.3 0 0.0 0 512
1118 512 3.3 0 0.0 0 512
1120 512 3.3 0 0.0 0 512
1122 512 3.3 0 0.0 0 512
1124 512 3.3 0 0.0 0 512
1126 512 3.3 0 0.0 0 512
1128 512 3.3 0 0.0 0 512
1130 512 3.3 0 0.0 0 512
1132 512 3.3 0 0.0 0 512
1134 512 3.3 0 0.0 0 512
1136 512 3.3 0 0.0 0 512
1138 512 3.3 0 0.0 0 512
1140 512 3.3 0 0.0 0 512
1142 512 3.3 0 0.0 0 512
1144 512 3.3 0 0.0 0 512
1146 512 3.3 0 0.0 0 512
1148 512 3.3 0 0.0 0 512
1150 512 3.3 0 0.0 0 512
1152 512 3.3 0 0.0 0 512
1154 512 3.3 0 0.0 0 512
1156 512 3.3 0 0.0 0 512
1158 512 3.3 0 0.0 0 512
1160 512 3.3 0 0.0 0 512
1162 512 3.3 0 0.0 0 512
1164 512 3.3 0 0.0 0 512
1166 512 3.3 0 0.0 0 512
1168 512 3.3 0 0.0 0 512
1170 512 3.3 0 0.0 0 512
1172 512 3.3 0 0.0 0 512
1174 512 3.3 0 0.0 0 512
1176 512 3.3 0 0.0 0 512
1178 512 3.3 0 0.0 0 512
1180 512 3.3 0 0.0 0 512
1182 512 3.3 0 0.0 0 512
1184 512 3.3 0 0.0 0 512
1186 512 3.3 0 0.0 0 512
1188 512 3.3 0 0.0 0 512
1190 512 3.3 0 0.0 0 512
1192 512 3.3 0 0.0 0 512
1194 512 3.3 0 0.0 0 512
1196 512 3.3 0 0.0 0 512
1198 512 3.3 0 0.0 0 512
1200 512 3.3 0 0.0 0 512
1202 512 3.3 0 0.0 0 512
1204 512 3.3 0 0.0 0 512
1206 512 3.3 0 0.0 0 512
1208 512 3.3 0 0.0 0 512
1210 512 3.3 0 0.0 0 512
1212 512 3.3 0 0.0 0 512
1214 512 3.3 0 0.0 0 512
1216 512 3.3 0 0.0 0 512
1218 512 3.3 0 0.0 0 512
1220 512 3.3 0 0.0 0 512
1222 512 3.3 0 0.0 0 512
1224 512 3.3 0 0.0 0 512
1226 512 3.3 0 0.0 0 512
1228 512 3.3 0 0.0 0 512
1230 512 3.3 0 0.0 0 512
1232 512 3.3 0 0.0 0 512
1234 512 3.3 0 0.0 0 512
1236 512 3.3 0 0.0 0 512
1238 512 3.3 0 0.0 0 512
1240 512 3.3 0 0.0 0 512
1242 512 3.3 0 0.0 0 512
1244 512 3.3 0 0.0 0 512
1246 512 3.3 0 0.0 0 512
1248 512 3.3 0 0.0 0 512
1250 512 3.3 0 0.0 0 512
1252 512 3.3 0 0.0 0 512
1254 512 3.3 0 0.0 0 512
1256 512 3.3 0 0.0 0 512
1258 512 3.3 0 0.0 0 512
1260 512 3.3 0 0.0 0 512
1262 512 3.3 0 0.0 0 512
1264 512 3.3 0 0.0 0 512
1266 512 3.3 0 0.0 0 512
1268 512 3.3 0 0.0 0 512
1270 512 3.3 0 0.0 0 512
1272 512 3.3 0 0.0 0 512
1274 512 3.3 0 0.0 0 512
1276 512 3.3 0 0.0 0 512
1278 512 3.3 0 0.0 0 512
1280 512 3.3 0 0.0 0 512
1282 512 3.3 0 0.0 0 512
1284 512 3.3 0 0.0 0 512
1286 512 3.3 0 0.0 0 512
1288 512 3.3 0 0.0 0 512
1290 512 3.3 0 0.0 0 512
1292 512 3.3 0 0.0 0 512
1294 512 3.3 0 0.0 0 512
1296 512 3.3 0 0.0 0 512
1298 512 3.3 0 0.0 0 512
1300 512 3.3 0 0.0 0 512
1302 512 3.3 0 0.0 0 512
1304 512 3.3 0 0.0 0 512
1306 512 3.3 0 0.0 0 512
1308 512 3.3 0 0.0 0 512
1310 512 3.3 0 0.0 0 512
1312 512 3.3 0 0.0 0 512
1314 512 3.3 0 0.0 0 512
1316 512 3.3 0 0.0 0 512
1318 512 3.3 0 0.0 0 512
1320 512 3.3 0 0.0 0 512
1322 512 3.3 0 0.0 0 512
1324 512 3.3 0 0.0 0 512
1326 512 3.3 0 0.0 0 512
1328 512 3.3 0 0.0 0 512
1330 512 3.3 0 0.0 0 512
1332 512 3.3 0 0.0 0 512
1334 512 3.3 0 0.0 0 512
1336 512 3.3 0 0.0 0 512
1338 512 3.3 0 0.0 0 512
1340 512 3.3 0 0.0 0 512
1342 512 3.3 0 0.0 0 512
1344 512 3.3 0 0.0 0 512
1346 512 3.3 0 0.0 0 512
1348 512 3.3 0 0.0 0 512
1350 512 3.3 0 0.0 0 512
1352 512 3.3 0 0.0 0 512
1354 512 3.3 0 0.0 0 512
1356 512 3.3 0 0.0 0 512
1358 512 3.3 0 0.0 0 512
1360 512 3.3 0 0.0 0 512
1362 512 3.3 0 0.0 0 512
1364 512 3.3 0 0.0 0 512
1366 512 3.3 0 0.0 0 512
1368 512 3.3 0 0.0 0 512
1370 512 3.3 0 0.0 0 512
1372 512 3.3 0 0.0 0 512
1374 512 3.3 0 0.0 0 512
1376 512 3.3 0 0.0 0 512
1378 512 3.3 0 0.0 0 512
1380 512 3.3 0 0.0 0 512
1382 512 3.3 0 0.0 0 512
1384 512 3.3 0 0.0 0 512
1386 512 3.3 0 0.0 0 512
1388 512 3.3 0 0.0 0 512
1390 512 3.3 0 0.0 0 512
1392 512 3.3 0 0.0 0 512
1394 512 3.3 0 0.0 0 512
1396 512 3.3 0 0.0 0 512
1398 512 3.3 0 0.0 0 512
1400 512 3.3 0 0.0 0 512
1402 512 3.3 0 0.0 0 512
1404 512 3.3 0 0.0 0 512
1406 512 3.3 0 0.0 0 512
1408 512 3.3 0 0.0 0 512
1410 512 3.3 0 0.0 0 512
1412 512 3.3 0 0.0 0 512
1414 512 3.3 0 0.0 0 512
1416 512 3.3 0 0.0 0 512
1418 512 3.3 0 0.0 0 512
1420 512 3.3 0 0.0 0 512
1422 512 3.3 0 0.0 0 512
1424 512 3.3 0 0.0 0 512
1426 512 3.3 0 0.0 0 512
1428 512 3.3 0 0.0 0 512
1430 512 3.3 0 0.0 0 512
1432 512 3.3 0 0.0 0 512
1434 512 3.3 0 0.0 0 512
1436 512 3.3 0 0.0 0 512
1438 512 3.3 0 0.0 0 512
1440 512 3.3 0 0.0 0 512
