Time Custom..._Count Custom..._Conc Acetate_Count Acetate_Conc Custom..._Died bacteria_couldn't_eat
0 4 0.02 77081 2.4 0 0
2 4 0.02 77081 2.4 0 0
4 4 0.02 77070 2.4 0 0
6 4 0.02 77059 2.4 0 0
8 4 0.02 77047 2.4 0 0
10 4 0.02 77035 2.4 0 0
12 4 0.02 77023 2.4 0 0
14 4 0.02 77011 2.4 0 0
16 4 0.02 76999 2.39 0 0
18 4 0.02 76986 2.39 0 0
20 4 0.02 76974 2.39 0 0
22 4 0.02 76961 2.39 0 0
24 4 0.02 76948 2.39 0 0
26 4 0.02 76935 2.39 0 0
28 4 0.03 76920 2.39 0 0
30 4 0.03 76905 2.39 0 0
32 4 0.03 76890 2.39 0 0
34 4 0.03 76874 2.39 0 0
36 4 0.03 76858 2.39 0 0
38 4 0.03 76842 2.39 0 0
40 4 0.03 76826 2.39 0 0
42 4 0.03 76810 2.39 0 0
44 4 0.03 76794 2.39 0 0
46 4 0.03 76776 2.39 0 0
48 4 0.03 76759 2.39 0 0
50 4 0.03 76740 2.39 0 0
52 4 0.03 76722 2.39 0 0
54 4 0.03 76703 2.39 0 0
56 4 0.03 76683 2.39 0 0
58 4 0.03 76661 2.38 0 0
60 4 0.04 76641 2.38 0 0
62 4 0.04 76620 2.38 0 0
64 4 0.04 76598 2.38 0 0
66 4 0.04 76577 2.38 0 0
68 6 0.04 76553 2.38 0 0
70 8 0.04 76533 2.38 0 0
72 8 0.04 76510 2.38 0 0
74 8 0.04 76487 2.38 0 0
76 8 0.04 76463 2.38 0 0
78 8 0.04 76440 2.38 0 0
80 8 0.04 76416 2.38 0 0
82 8 0.04 76390 2.38 0 0
84 8 0.05 76366 2.38 0 0
86 8 0.05 76342 2.37 0 0
88 8 0.05 76316 2.37 0 0
90 8 0.05 76291 2.37 0 0
92 8 0.05 76264 2.37 0 0
94 8 0.05 76234 2.37 0 0
96 8 0.05 76204 2.37 0 0
98 8 0.05 76175 2.37 0 0
100 8 0.05 76144 2.37 0 0
102 8 0.05 76113 2.37 0 0
104 8 0.06 76081 2.37 0 0
106 8 0.06 76047 2.37 0 0
108 8 0.06 76015 2.36 0 0
110 8 0.06 75981 2.36 0 0
112 8 0.06 75947 2.36 0 0
114 8 0.06 75912 2.36 0 0
116 8 0.06 75878 2.36 0 0
118 8 0.06 75841 2.36 0 0
120 8 0.07 75805 2.36 0 0
122 8 0.07 75765 2.36 0 0
124 8 0.07 75725 2.36 0 0
126 8 0.07 75685 2.35 0 0
128 8 0.07 75645 2.35 0 0
130 8 0.07 75603 2.35 0 0
132 8 0.08 75560 2.35 0 0
134 11 0.08 75517 2.35 0 0
136 14 0.08 75473 2.35 0 0
138 16 0.08 75428 2.35 0 0
140 16 0.08 75384 2.34 0 0
142 16 0.08 75339 2.34 0 0
144 16 0.09 75289 2.34 0 0
146 16 0.09 75241 2.34 0 0
148 16 0.09 75193 2.34 0 0
150 16 0.09 75145 2.34 0 0
152 16 0.09 75096 2.34 0 0
154 16 0.09 75047 2.33 0 0
156 16 0.1 74996 2.33 0 0
158 16 0.1 74942 2.33 0 0
160 16 0.1 74889 2.33 0 0
162 16 0.1 74832 2.33 0 0
164 16 0.1 74773 2.33 0 0
166 16 0.11 74711 2.32 0 0
168 16 0.11 74650 2.32 0 0
170 16 0.11 74587 2.32 0 0
172 16 0.11 74523 2.32 0 0
174 16 0.12 74457 2.32 0 0
176 16 0.12 74386 2.31 0 0
178 16 0.12 74316 2.31 0 0
180 16 0.12 74251 2.31 0 0
182 16 0.13 74178 2.31 0 0
184 16 0.13 74105 2.31 0 0
186 16 0.13 74029 2.3 0 0
188 16 0.13 73954 2.3 0 0
190 16 0.14 73875 2.3 0 0
192 16 0.14 73795 2.3 0 0
194 16 0.14 73713 2.29 0 0
196 16 0.15 73629 2.29 0 0
198 16 0.15 73542 2.29 0 0
200 22 0.15 73454 2.29 0 0
202 27 0.16 73364 2.28 0 0
204 32 0.16 73274 2.28 0 0
206 32 0.16 73183 2.28 0 0
208 32 0.17 73094 2.27 0 0
210 32 0.17 72999 2.27 0 0
212 32 0.17 72903 2.27 0 0
214 32 0.18 72807 2.27 0 0
216 32 0.18 72707 2.26 0 0
218 32 0.18 72605 2.26 0 0
220 32 0.19 72503 2.26 0 0
222 32 0.19 72399 2.25 0 0
224 32 0.2 72292 2.25 0 0
226 32 0.2 72182 2.25 0 0
228 32 0.2 72070 2.24 0 0
230 32 0.21 71951 2.24 0 0
232 32 0.21 71830 2.24 0 0
234 32 0.22 71708 2.23 0 0
236 32 0.22 71580 2.23 0 0
238 32 0.23 71455 2.22 0 0
240 32 0.23 71324 2.22 0 0
242 32 0.24 71191 2.22 0 0
244 32 0.24 71058 2.21 0 0
246 32 0.25 70915 2.21 0 0
248 32 0.25 70773 2.2 0 0
250 32 0.26 70623 2.2 0 0
252 32 0.26 70476 2.19 0 0
254 32 0.27 70323 2.19 0 0
256 32 0.27 70164 2.18 0 0
258 32 0.28 70002 2.18 0 0
260 32 0.29 69839 2.17 0 0
262 32 0.29 69670 2.17 0 0
264 35 0.3 69496 2.16 0 0
266 43 0.31 69319 2.16 0 0
268 52 0.31 69144 2.15 0 0
270 61 0.32 68967 2.15 0 0
272 64 0.33 68787 2.14 0 0
274 64 0.33 68608 2.13 0 0
276 64 0.34 68418 2.13 0 0
278 64 0.35 68227 2.12 0 0
280 64 0.35 68034 2.12 0 0
282 64 0.36 67836 2.11 0 0
284 64 0.37 67638 2.1 0 0
286 64 0.38 67437 2.1 0 0
288 64 0.38 67232 2.09 0 0
290 64 0.39 67029 2.09 0 0
292 64 0.4 66811 2.08 0 0
294 64 0.41 66575 2.07 0 0
296 64 0.42 66345 2.06 0 0
298 64 0.43 66103 2.06 0 0
300 64 0.43 65860 2.05 0 0
302 64 0.44 65615 2.04 0 0
304 64 0.45 65358 2.03 0 0
306 64 0.46 65100 2.03 0 0
308 64 0.47 64835 2.02 0 0
310 64 0.48 64563 2.01 0 0
312 64 0.49 64287 2.0 0 0
314 64 0.5 64004 1.99 0 0
316 64 0.51 63715 1.98 0 0
318 64 0.52 63412 1.97 0 0
320 64 0.54 63106 1.96 0 0
322 64 0.55 62787 1.95 0 0
324 64 0.56 62464 1.94 0 0
326 64 0.57 62132 1.93 0 0
328 64 0.58 61796 1.92 0 0
330 69 0.6 61450 1.91 0 0
332 84 0.61 61101 1.9 0 0
334 102 0.62 60747 1.89 0 0
336 114 0.64 60391 1.88 0 0
338 128 0.65 60031 1.87 0 0
340 128 0.66 59663 1.86 0 0
342 128 0.68 59299 1.85 0 0
344 128 0.69 58919 1.83 0 0
346 128 0.71 58533 1.82 0 0
348 128 0.72 58143 1.81 0 0
350 128 0.74 57753 1.8 0 0
352 128 0.75 57351 1.78 0 0
354 128 0.77 56942 1.77 0 0
356 128 0.78 56517 1.76 0 0
358 128 0.8 56085 1.75 0 0
360 128 0.81 55642 1.73 0 0
362 128 0.83 55177 1.72 0 0
364 128 0.85 54714 1.7 0 0
366 128 0.87 54225 1.69 0 0
368 128 0.88 53720 1.67 0 0
370 128 0.9 53211 1.66 0 0
372 128 0.92 52691 1.64 0 0
374 128 0.94 52164 1.62 0 0
376 128 0.96 51628 1.61 0 0
378 128 0.98 51079 1.59 0 0
380 128 1.0 50519 1.57 0 0
382 128 1.02 49937 1.55 0 0
384 128 1.05 49341 1.54 0 0
386 128 1.07 48723 1.52 0 0
388 128 1.09 48097 1.5 0 0
390 128 1.12 47455 1.48 0 0
392 128 1.14 46804 1.46 0 0
394 129 1.17 46143 1.44 0 0
396 138 1.19 45463 1.41 0 0
398 166 1.22 44753 1.39 0 0
400 196 1.24 44050 1.37 0 0
402 224 1.27 43348 1.35 0 0
404 249 1.3 42641 1.33 0 0
406 256 1.32 41904 1.3 0 0
408 256 1.35 41158 1.28 0 0
410 256 1.38 40412 1.26 0 0
412 256 1.41 39651 1.23 0 0
414 256 1.44 38878 1.21 0 0
416 256 1.46 38085 1.19 0 0
418 256 1.49 37289 1.16 0 0
420 256 1.52 36467 1.14 0 0
422 256 1.56 35626 1.11 0 0
424 256 1.59 34766 1.08 0 0
426 256 1.62 33882 1.05 0 0
428 256 1.65 32976 1.03 0 0
430 256 1.69 32040 1.0 0 0
432 256 1.72 31065 0.97 0 0
434 256 1.76 30079 0.94 0 0
436 256 1.8 29075 0.9 0 0
438 256 1.84 28038 0.87 0 0
440 256 1.88 26985 0.84 0 0
442 256 1.92 25905 0.81 0 0
444 256 1.96 24819 0.77 0 0
446 256 2.0 23701 0.74 0 0
448 256 2.04 22529 0.7 0 0
450 256 2.09 21345 0.66 0 0
452 256 2.13 20119 0.63 0 0
454 256 2.18 18870 0.59 0 0
456 256 2.23 17597 0.55 0 0
458 256 2.27 16309 0.51 0 2
460 258 2.32 14997 0.47 0 2
462 279 2.37 13658 0.43 0 2
464 312 2.42 12326 0.38 0 2
466 365 2.47 11006 0.34 0 10
468 424 2.52 9682 0.3 0 14
470 469 2.56 8443 0.26 0 38
472 492 2.61 7311 0.23 0 75
474 496 2.65 6184 0.19 0 87
476 500 2.69 5160 0.16 0 120
478 502 2.72 4196 0.13 0 149
480 502 2.76 3257 0.1 0 164
482 503 2.79 2366 0.07 0 185
484 506 2.82 1513 0.05 0 205
486 508 2.85 723 0.02 0 223
488 508 2.87 188 0.01 0 300
490 508 2.88 22 0.0 0 426
492 508 2.88 0 0.0 0 490
494 508 2.88 0 0.0 0 508
496 508 2.88 0 0.0 0 508
498 508 2.88 0 0.0 0 508
500 508 2.88 0 0.0 0 508
502 508 2.88 0 0.0 0 508
504 508 2.88 0 0.0 0 508
506 508 2.88 0 0.0 0 508
508 508 2.88 0 0.0 0 508
510 508 2.88 0 0.0 0 508
512 508 2.88 0 0.0 0 508
514 508 2.88 0 0.0 0 508
516 508 2.88 0 0.0 0 508
518 508 2.88 0 0.0 0 508
520 508 2.88 0 0.0 0 508
522 508 2.88 0 0.0 0 508
524 508 2.88 0 0.0 0 508
526 508 2.88 0 0.0 0 508
528 508 2.88 0 0.0 0 508
530 508 2.88 0 0.0 0 508
532 508 2.88 0 0.0 0 508
534 508 2.88 0 0.0 0 508
536 508 2.88 0 0.0 0 508
538 508 2.88 0 0.0 0 508
540 508 2.88 0 0.0 0 508
542 508 2.88 0 0.0 0 508
544 508 2.88 0 0.0 0 508
546 508 2.88 0 0.0 0 508
548 508 2.88 0 0.0 0 508
550 508 2.88 0 0.0 0 508
552 508 2.88 0 0.0 0 508
554 508 2.88 0 0.0 0 508
556 508 2.88 0 0.0 0 508
558 508 2.88 0 0.0 0 508
560 508 2.88 0 0.0 0 508
562 508 2.88 0 0.0 0 508
564 508 2.88 0 0.0 0 508
566 508 2.88 0 0.0 0 508
568 508 2.88 0 0.0 0 508
570 508 2.88 0 0.0 0 508
572 508 2.88 0 0.0 0 508
574 508 2.88 0 0.0 0 508
576 508 2.88 0 0.0 0 508
578 508 2.88 0 0.0 0 508
580 508 2.88 0 0.0 0 508
582 508 2.88 0 0.0 0 508
584 508 2.88 0 0.0 0 508
586 508 2.88 0 0.0 0 508
588 508 2.88 0 0.0 0 508
590 508 2.88 0 0.0 0 508
592 508 2.88 0 0.0 0 508
594 508 2.88 0 0.0 0 508
596 508 2.88 0 0.0 0 508
598 508 2.88 0 0.0 0 508
600 508 2.88 0 0.0 0 508
602 508 2.88 0 0.0 0 508
604 508 2.88 0 0.0 0 508
606 508 2.88 0 0.0 0 508
608 508 2.88 0 0.0 0 508
610 508 2.88 0 0.0 0 508
612 508 2.88 0 0.0 0 508
614 508 2.88 0 0.0 0 508
616 508 2.88 0 0.0 0 508
618 508 2.88 0 0.0 0 508
620 508 2.88 0 0.0 0 508
622 508 2.88 0 0.0 0 508
624 508 2.88 0 0.0 0 508
626 508 2.88 0 0.0 0 508
628 508 2.88 0 0.0 0 508
630 508 2.88 0 0.0 0 508
632 508 2.88 0 0.0 0 508
634 508 2.88 0 0.0 0 508
636 508 2.88 0 0.0 0 508
638 508 2.88 0 0.0 0 508
640 508 2.88 0 0.0 0 508
642 508 2.88 0 0.0 0 508
644 508 2.88 0 0.0 0 508
646 508 2.88 0 0.0 0 508
648 508 2.88 0 0.0 0 508
650 508 2.88 0 0.0 0 508
652 508 2.88 0 0.0 0 508
654 508 2.88 0 0.0 0 508
656 508 2.88 0 0.0 0 508
658 508 2.88 0 0.0 0 508
660 508 2.88 0 0.0 0 508
662 508 2.88 0 0.0 0 508
664 508 2.88 0 0.0 0 508
666 508 2.88 0 0.0 0 508
668 508 2.88 0 0.0 0 508
670 508 2.88 0 0.0 0 508
672 508 2.88 0 0.0 0 508
674 508 2.88 0 0.0 0 508
676 508 2.88 0 0.0 0 508
678 508 2.88 0 0.0 0 508
680 508 2.88 0 0.0 0 508
682 508 2.88 0 0.0 0 508
684 508 2.88 0 0.0 0 508
686 508 2.88 0 0.0 0 508
688 508 2.88 0 0.0 0 508
690 508 2.88 0 0.0 0 508
692 508 2.88 0 0.0 0 508
694 508 2.88 0 0.0 0 508
696 508 2.88 0 0.0 0 508
698 508 2.88 0 0.0 0 508
700 508 2.88 0 0.0 0 508
702 508 2.88 0 0.0 0 508
704 508 2.88 0 0.0 0 508
706 508 2.88 0 0.0 0 508
708 508 2.88 0 0.0 0 508
710 508 2.88 0 0.0 0 508
712 508 2.88 0 0.0 0 508
714 508 2.88 0 0.0 0 508
716 508 2.88 0 0.0 0 508
718 508 2.88 0 0.0 0 508
720 508 2.88 0 0.0 0 508
722 508 2.88 0 0.0 0 508
724 508 2.88 0 0.0 0 508
726 508 2.88 0 0.0 0 508
728 508 2.88 0 0.0 0 508
730 508 2.88 0 0.0 0 508
732 508 2.88 0 0.0 0 508
734 508 2.88 0 0.0 0 508
736 508 2.88 0 0.0 0 508
738 508 2.88 0 0.0 0 508
740 508 2.88 0 0.0 0 508
742 508 2.88 0 0.0 0 508
744 508 2.88 0 0.0 0 508
746 508 2.88 0 0.0 0 508
748 508 2.88 0 0.0 0 508
750 508 2.88 0 0.0 0 508
752 508 2.88 0 0.0 0 508
754 508 2.88 0 0.0 0 508
756 508 2.88 0 0.0 0 508
758 508 2.88 0 0.0 0 508
760 508 2.88 0 0.0 0 508
762 508 2.88 0 0.0 0 508
764 508 2.88 0 0.0 0 508
766 508 2.88 0 0.0 0 508
768 508 2.88 0 0.0 0 508
770 508 2.88 0 0.0 0 508
772 508 2.88 0 0.0 0 508
774 508 2.88 0 0.0 0 508
776 508 2.88 0 0.0 0 508
778 508 2.88 0 0.0 0 508
780 508 2.88 0 0.0 0 508
782 508 2.88 0 0.0 0 508
784 508 2.88 0 0.0 0 508
786 508 2.88 0 0.0 0 508
788 508 2.88 0 0.0 0 508
790 508 2.88 0 0.0 0 508
792 508 2.88 0 0.0 0 508
794 508 2.88 0 0.0 0 508
796 508 2.88 0 0.0 0 508
798 508 2.88 0 0.0 0 508
800 508 2.88 0 0.0 0 508
802 508 2.88 0 0.0 0 508
804 508 2.88 0 0.0 0 508
806 508 2.88 0 0.0 0 508
808 508 2.88 0 0.0 0 508
810 508 2.88 0 0.0 0 508
812 508 2.88 0 0.0 0 508
814 508 2.88 0 0.0 0 508
816 508 2.88 0 0.0 0 508
818 508 2.88 0 0.0 0 508
820 508 2.88 0 0.0 0 508
822 508 2.88 0 0.0 0 508
824 508 2.88 0 0.0 0 508
826 508 2.88 0 0.0 0 508
828 508 2.88 0 0.0 0 508
830 508 2.88 0 0.0 0 508
832 508 2.88 0 0.0 0 508
834 508 2.88 0 0.0 0 508
836 508 2.88 0 0.0 0 508
838 508 2.88 0 0.0 0 508
840 508 2.88 0 0.0 0 508
842 508 2.88 0 0.0 0 508
844 508 2.88 0 0.0 0 508
846 508 2.88 0 0.0 0 508
848 508 2.88 0 0.0 0 508
850 508 2.88 0 0.0 0 508
852 508 2.88 0 0.0 0 508
854 508 2.88 0 0.0 0 508
856 508 2.88 0 0.0 0 508
858 508 2.88 0 0.0 0 508
860 508 2.88 0 0.0 0 508
862 508 2.88 0 0.0 0 508
864 508 2.88 0 0.0 0 508
866 508 2.88 0 0.0 0 508
868 508 2.88 0 0.0 0 508
870 508 2.88 0 0.0 0 508
872 508 2.88 0 0.0 0 508
874 508 2.88 0 0.0 0 508
876 508 2.88 0 0.0 0 508
878 508 2.88 0 0.0 0 508
880 508 2.88 0 0.0 0 508
882 508 2.88 0 0.0 0 508
884 508 2.88 0 0.0 0 508
886 508 2.88 0 0.0 0 508
888 508 2.88 0 0.0 0 508
890 508 2.88 0 0.0 0 508
892 508 2.88 0 0.0 0 508
894 508 2.88 0 0.0 0 508
896 508 2.88 0 0.0 0 508
898 508 2.88 0 0.0 0 508
900 508 2.88 0 0.0 0 508
902 508 2.88 0 0.0 0 508
904 508 2.88 0 0.0 0 508
906 508 2.88 0 0.0 0 508
908 508 2.88 0 0.0 0 508
910 508 2.88 0 0.0 0 508
912 508 2.88 0 0.0 0 508
914 508 2.88 0 0.0 0 508
916 508 2.88 0 0.0 0 508
918 508 2.88 0 0.0 0 508
920 508 2.88 0 0.0 0 508
922 508 2.88 0 0.0 0 508
924 508 2.88 0 0.0 0 508
926 508 2.88 0 0.0 0 508
928 508 2.88 0 0.0 0 508
930 508 2.88 0 0.0 0 508
932 508 2.88 0 0.0 0 508
934 508 2.88 0 0.0 0 508
936 508 2.88 0 0.0 0 508
938 508 2.88 0 0.0 0 508
940 508 2.88 0 0.0 0 508
942 508 2.88 0 0.0 0 508
944 508 2.88 0 0.0 0 508
946 508 2.88 0 0.0 0 508
948 508 2.88 0 0.0 0 508
950 508 2.88 0 0.0 0 508
952 508 2.88 0 0.0 0 508
954 508 2.88 0 0.0 0 508
956 508 2.88 0 0.0 0 508
958 508 2.88 0 0.0 0 508
960 508 2.88 0 0.0 0 508
962 508 2.88 0 0.0 0 508
964 508 2.88 0 0.0 0 508
966 508 2.88 0 0.0 0 508
968 508 2.88 0 0.0 0 508
970 508 2.88 0 0.0 0 508
972 508 2.88 0 0.0 0 508
974 508 2.88 0 0.0 0 508
976 508 2.88 0 0.0 0 508
978 508 2.88 0 0.0 0 508
980 508 2.88 0 0.0 0 508
982 508 2.88 0 0.0 0 508
984 508 2.88 0 0.0 0 508
986 508 2.88 0 0.0 0 508
988 508 2.88 0 0.0 0 508
990 508 2.88 0 0.0 0 508
992 508 2.88 0 0.0 0 508
994 508 2.88 0 0.0 0 508
996 508 2.88 0 0.0 0 508
998 508 2.88 0 0.0 0 508
1000 508 2.88 0 0.0 0 508
1002 508 2.88 0 0.0 0 508
1004 508 2.88 0 0.0 0 508
1006 508 2.88 0 0.0 0 508
1008 508 2.88 0 0.0 0 508
1010 508 2.88 0 0.0 0 508
1012 508 2.88 0 0.0 0 508
1014 508 2.88 0 0.0 0 508
1016 508 2.88 0 0.0 0 508
1018 508 2.88 0 0.0 0 508
1020 508 2.88 0 0.0 0 508
1022 508 2.88 0 0.0 0 508
1024 508 2.88 0 0.0 0 508
1026 508 2.88 0 0.0 0 508
1028 508 2.88 0 0.0 0 508
1030 508 2.88 0 0.0 0 508
1032 508 2.88 0 0.0 0 508
1034 508 2.88 0 0.0 0 508
1036 508 2.88 0 0.0 0 508
1038 508 2.88 0 0.0 0 508
1040 508 2.88 0 0.0 0 508
1042 508 2.88 0 0.0 0 508
1044 508 2.88 0 0.0 0 508
1046 508 2.88 0 0.0 0 508
1048 508 2.88 0 0.0 0 508
1050 508 2.88 0 0.0 0 508
1052 508 2.88 0 0.0 0 508
1054 508 2.88 0 0.0 0 508
1056 508 2.88 0 0.0 0 508
1058 508 2.88 0 0.0 0 508
1060 508 2.88 0 0.0 0 508
1062 508 2.88 0 0.0 0 508
1064 508 2.88 0 0.0 0 508
1066 508 2.88 0 0.0 0 508
1068 508 2.88 0 0.0 0 508
1070 508 2.88 0 0.0 0 508
1072 508 2.88 0 0.0 0 508
1074 508 2.88 0 0.0 0 508
1076 508 2.88 0 0.0 0 508
1078 508 2.88 0 0.0 0 508
1080 508 2.88 0 0.0 0 508
1082 508 2.88 0 0.0 0 508
1084 508 2.88 0 0.0 0 508
1086 508 2.88 0 0.0 0 508
1088 508 2.88 0 0.0 0 508
1090 508 2.88 0 0.0 0 508
1092 508 2.88 0 0.0 0 508
1094 508 2.88 0 0.0 0 508
1096 508 2.88 0 0.0 0 508
1098 508 2.88 0 0.0 0 508
1100 508 2.88 0 0.0 0 508
1102 508 2.88 0 0.0 0 508
1104 508 2.88 0 0.0 0 508
1106 508 2.88 0 0.0 0 508
1108 508 2.88 0 0.0 0 508
1110 508 2.88 0 0.0 0 508
1112 508 2.88 0 0.0 0 508
1114 508 2.88 0 0.0 0 508
1116 508 2.88 0 0.0 0 508
1118 508 2.88 0 0.0 0 508
1120 508 2.88 0 0.0 0 508
1122 508 2.88 0 0.0 0 508
1124 508 2.88 0 0.0 0 508
1126 508 2.88 0 0.0 0 508
1128 508 2.88 0 0.0 0 508
1130 508 2.88 0 0.0 0 508
1132 508 2.88 0 0.0 0 508
1134 508 2.88 0 0.0 0 508
1136 508 2.88 0 0.0 0 508
1138 508 2.88 0 0.0 0 508
1140 508 2.88 0 0.0 0 508
1142 508 2.88 0 0.0 0 508
1144 508 2.88 0 0.0 0 508
1146 508 2.88 0 0.0 0 508
1148 508 2.88 0 0.0 0 508
1150 508 2.88 0 0.0 0 508
1152 508 2.88 0 0.0 0 508
1154 508 2.88 0 0.0 0 508
1156 508 2.88 0 0.0 0 508
1158 508 2.88 0 0.0 0 508
1160 508 2.88 0 0.0 0 508
1162 508 2.88 0 0.0 0 508
1164 508 2.88 0 0.0 0 508
1166 508 2.88 0 0.0 0 508
1168 508 2.88 0 0.0 0 508
1170 508 2.88 0 0.0 0 508
1172 508 2.88 0 0.0 0 508
1174 508 2.88 0 0.0 0 508
1176 508 2.88 0 0.0 0 508
1178 508 2.88 0 0.0 0 508
1180 508 2.88 0 0.0 0 508
1182 508 2.88 0 0.0 0 508
1184 508 2.88 0 0.0 0 508
1186 508 2.88 0 0.0 0 508
1188 508 2.88 0 0.0 0 508
1190 508 2.88 0 0.0 0 508
1192 508 2.88 0 0.0 0 508
1194 508 2.88 0 0.0 0 508
1196 508 2.88 0 0.0 0 508
1198 508 2.88 0 0.0 0 508
1200 508 2.88 0 0.0 0 508
1202 508 2.88 0 0.0 0 508
1204 508 2.88 0 0.0 0 508
1206 508 2.88 0 0.0 0 508
1208 508 2.88 0 0.0 0 508
1210 508 2.88 0 0.0 0 508
1212 508 2.88 0 0.0 0 508
1214 508 2.88 0 0.0 0 508
1216 508 2.88 0 0.0 0 508
1218 508 2.88 0 0.0 0 508
1220 508 2.88 0 0.0 0 508
1222 508 2.88 0 0.0 0 508
1224 508 2.88 0 0.0 0 508
1226 508 2.88 0 0.0 0 508
1228 508 2.88 0 0.0 0 508
1230 508 2.88 0 0.0 0 508
1232 508 2.88 0 0.0 0 508
1234 508 2.88 0 0.0 0 508
1236 508 2.88 0 0.0 0 508
1238 508 2.88 0 0.0 0 508
1240 508 2.88 0 0.0 0 508
1242 508 2.88 0 0.0 0 508
1244 508 2.88 0 0.0 0 508
1246 508 2.88 0 0.0 0 508
1248 508 2.88 0 0.0 0 508
1250 508 2.88 0 0.0 0 508
1252 508 2.88 0 0.0 0 508
1254 508 2.88 0 0.0 0 508
1256 508 2.88 0 0.0 0 508
1258 508 2.88 0 0.0 0 508
1260 508 2.88 0 0.0 0 508
1262 508 2.88 0 0.0 0 508
1264 508 2.88 0 0.0 0 508
1266 508 2.88 0 0.0 0 508
1268 508 2.88 0 0.0 0 508
1270 508 2.88 0 0.0 0 508
1272 508 2.88 0 0.0 0 508
1274 508 2.88 0 0.0 0 508
1276 508 2.88 0 0.0 0 508
1278 508 2.88 0 0.0 0 508
1280 508 2.88 0 0.0 0 508
1282 508 2.88 0 0.0 0 508
1284 508 2.88 0 0.0 0 508
1286 508 2.88 0 0.0 0 508
1288 508 2.88 0 0.0 0 508
1290 508 2.88 0 0.0 0 508
1292 508 2.88 0 0.0 0 508
1294 508 2.88 0 0.0 0 508
1296 508 2.88 0 0.0 0 508
1298 508 2.88 0 0.0 0 508
1300 508 2.88 0 0.0 0 508
1302 508 2.88 0 0.0 0 508
1304 508 2.88 0 0.0 0 508
1306 508 2.88 0 0.0 0 508
1308 508 2.88 0 0.0 0 508
1310 508 2.88 0 0.0 0 508
1312 508 2.88 0 0.0 0 508
1314 508 2.88 0 0.0 0 508
1316 508 2.88 0 0.0 0 508
1318 508 2.88 0 0.0 0 508
1320 508 2.88 0 0.0 0 508
1322 508 2.88 0 0.0 0 508
1324 508 2.88 0 0.0 0 508
1326 508 2.88 0 0.0 0 508
1328 508 2.88 0 0.0 0 508
1330 508 2.88 0 0.0 0 508
1332 508 2.88 0 0.0 0 508
1334 508 2.88 0 0.0 0 508
1336 508 2.88 0 0.0 0 508
1338 508 2.88 0 0.0 0 508
1340 508 2.88 0 0.0 0 508
1342 508 2.88 0 0.0 0 508
1344 508 2.88 0 0.0 0 508
1346 508 2.88 0 0.0 0 508
1348 508 2.88 0 0.0 0 508
1350 508 2.88 0 0.0 0 508
1352 508 2.88 0 0.0 0 508
1354 508 2.88 0 0.0 0 508
1356 508 2.88 0 0.0 0 508
1358 508 2.88 0 0.0 0 508
1360 508 2.88 0 0.0 0 508
1362 508 2.88 0 0.0 0 508
1364 508 2.88 0 0.0 0 508
1366 508 2.88 0 0.0 0 508
1368 508 2.88 0 0.0 0 508
1370 508 2.88 0 0.0 0 508
1372 508 2.88 0 0.0 0 508
1374 508 2.88 0 0.0 0 508
1376 508 2.88 0 0.0 0 508
1378 508 2.88 0 0.0 0 508
1380 508 2.88 0 0.0 0 508
1382 508 2.88 0 0.0 0 508
1384 508 2.88 0 0.0 0 508
1386 508 2.88 0 0.0 0 508
1388 508 2.88 0 0.0 0 508
1390 508 2.88 0 0.0 0 508
1392 508 2.88 0 0.0 0 508
1394 508 2.88 0 0.0 0 508
1396 508 2.88 0 0.0 0 508
1398 508 2.88 0 0.0 0 508
1400 508 2.88 0 0.0 0 508
1402 508 2.88 0 0.0 0 508
1404 508 2.88 0 0.0 0 508
1406 508 2.88 0 0.0 0 508
1408 508 2.88 0 0.0 0 508
1410 508 2.88 0 0.0 0 508
1412 508 2.88 0 0.0 0 508
1414 508 2.88 0 0.0 0 508
1416 508 2.88 0 0.0 0 508
1418 508 2.88 0 0.0 0 508
1420 508 2.88 0 0.0 0 508
1422 508 2.88 0 0.0 0 508
1424 508 2.88 0 0.0 0 508
1426 508 2.88 0 0.0 0 508
1428 508 2.88 0 0.0 0 508
1430 508 2.88 0 0.0 0 508
1432 508 2.88 0 0.0 0 508
1434 508 2.88 0 0.0 0 508
1436 508 2.88 0 0.0 0 508
1438 508 2.88 0 0.0 0 508
1440 508 2.88 0 0.0 0 508
