Time Custom..._Count Custom..._Conc Acetate_Count Acetate_Conc Custom..._Died bacteria_couldn't_eat
0 4 0.02 77081 2.4 0 0
2 4 0.02 77081 2.4 0 0
4 4 0.03 76869 2.39 0 0
6 4 0.03 76601 2.39 0 0
8 8 0.05 76246 2.37 0 0
10 8 0.06 75739 2.36 0 0
12 16 0.08 75096 2.34 0 0
14 16 0.11 74169 2.31 0 0
16 16 0.15 73023 2.27 0 0
18 31 0.19 71547 2.23 0 0
20 32 0.26 69591 2.17 0 0
22 62 0.34 66958 2.08 0 0
24 64 0.45 63324 1.97 0 0
26 107 0.6 58847 1.83 0 0
28 121 0.79 52874 1.65 0 1
30 128 1.04 45158 1.41 0 0
32 222 1.34 36129 1.12 0 2
34 239 1.66 26814 0.83 0 38
36 298 1.99 17548 0.55 0 39
38 330 2.27 10237 0.32 0 64
40 349 2.47 4875 0.15 0 81
42 367 2.59 1894 0.06 0 97
44 373 2.64 546 0.02 0 154
46 374 2.66 134 0.0 0 241
48 374 2.66 20 0.0 0 305
50 374 2.66 4 0.0 0 359
52 374 2.66 0 0.0 0 370
54 374 2.66 0 0.0 0 374
56 374 2.66 0 0.0 0 374
58 374 2.66 0 0.0 0 374
60 374 2.66 0 0.0 0 374
62 374 2.66 0 0.0 0 374
64 374 2.66 0 0.0 0 374
66 374 2.66 0 0.0 0 374
68 374 2.66 0 0.0 0 374
70 374 2.66 0 0.0 0 374
72 374 2.66 0 0.0 0 374
74 374 2.66 0 0.0 0 374
76 374 2.66 0 0.0 0 374
78 374 2.66 0 0.0 0 374
80 374 2.66 0 0.0 0 374
82 374 2.66 0 0.0 0 374
84 374 2.66 0 0.0 0 374
86 374 2.66 0 0.0 0 374
88 374 2.66 0 0.0 0 374
90 374 2.66 0 0.0 0 374
92 374 2.66 0 0.0 0 374
94 374 2.66 0 0.0 0 374
96 374 2.66 0 0.0 0 374
98 374 2.66 0 0.0 0 374
100 374 2.66 0 0.0 0 374
102 374 2.66 0 0.0 0 374
104 374 2.66 0 0.0 0 374
106 374 2.66 0 0.0 0 374
108 374 2.66 0 0.0 0 374
110 374 2.66 0 0.0 0 374
112 374 2.66 0 0.0 0 374
114 374 2.66 0 0.0 0 374
116 374 2.66 0 0.0 0 374
118 374 2.66 0 0.0 0 374
120 374 2.66 0 0.0 0 374
122 374 2.66 0 0.0 0 374
124 374 2.66 0 0.0 0 374
126 374 2.66 0 0.0 0 374
128 374 2.66 0 0.0 0 374
130 374 2.66 0 0.0 0 374
132 374 2.66 0 0.0 0 374
134 374 2.66 0 0.0 0 374
136 374 2.66 0 0.0 0 374
138 374 2.66 0 0.0 0 374
140 374 2.66 0 0.0 0 374
142 374 2.66 0 0.0 0 374
144 374 2.66 0 0.0 0 374
146 374 2.66 0 0.0 0 374
148 374 2.66 0 0.0 0 374
150 374 2.66 0 0.0 0 374
152 374 2.66 0 0.0 0 374
154 374 2.66 0 0.0 0 374
156 374 2.66 0 0.0 0 374
158 374 2.66 0 0.0 0 374
160 374 2.66 0 0.0 0 374
162 374 2.66 0 0.0 0 374
164 374 2.66 0 0.0 0 374
166 374 2.66 0 0.0 0 374
168 374 2.66 0 0.0 0 374
170 374 2.66 0 0.0 0 374
172 374 2.66 0 0.0 0 374
174 374 2.66 0 0.0 0 374
176 374 2.66 0 0.0 0 374
178 374 2.66 0 0.0 0 374
180 374 2.66 0 0.0 0 374
182 374 2.66 0 0.0 0 374
184 374 2.66 0 0.0 0 374
186 374 2.66 0 0.0 0 374
188 374 2.66 0 0.0 0 374
190 374 2.66 0 0.0 0 374
192 374 2.66 0 0.0 0 374
194 374 2.66 0 0.0 0 374
196 374 2.66 0 0.0 0 374
198 374 2.66 0 0.0 0 374
200 374 2.66 0 0.0 0 374
202 374 2.66 0 0.0 0 374
204 374 2.66 0 0.0 0 374
206 374 2.66 0 0.0 0 374
208 374 2.66 0 0.0 0 374
210 374 2.66 0 0.0 0 374
212 374 2.66 0 0.0 0 374
214 374 2.66 0 0.0 0 374
216 374 2.66 0 0.0 0 374
218 374 2.66 0 0.0 0 374
220 374 2.66 0 0.0 0 374
222 374 2.66 0 0.0 0 374
224 374 2.66 0 0.0 0 374
226 374 2.66 0 0.0 0 374
228 374 2.66 0 0.0 0 374
230 374 2.66 0 0.0 0 374
232 374 2.66 0 0.0 0 374
234 374 2.66 0 0.0 0 374
236 374 2.66 0 0.0 0 374
238 374 2.66 0 0.0 0 374
240 374 2.66 0 0.0 0 374
242 374 2.66 0 0.0 0 374
244 374 2.66 0 0.0 0 374
246 374 2.66 0 0.0 0 374
248 374 2.66 0 0.0 0 374
250 374 2.66 0 0.0 0 374
252 374 2.66 0 0.0 0 374
254 374 2.66 0 0.0 0 374
256 374 2.66 0 0.0 0 374
258 374 2.66 0 0.0 0 374
260 374 2.66 0 0.0 0 374
262 374 2.66 0 0.0 0 374
264 374 2.66 0 0.0 0 374
266 374 2.66 0 0.0 0 374
268 374 2.66 0 0.0 0 374
270 374 2.66 0 0.0 0 374
272 374 2.66 0 0.0 0 374
274 374 2.66 0 0.0 0 374
276 374 2.66 0 0.0 0 374
278 374 2.66 0 0.0 0 374
280 374 2.66 0 0.0 0 374
282 374 2.66 0 0.0 0 374
284 374 2.66 0 0.0 0 374
286 374 2.66 0 0.0 0 374
288 374 2.66 0 0.0 0 374
290 374 2.66 0 0.0 0 374
292 374 2.66 0 0.0 0 374
294 374 2.66 0 0.0 0 374
296 374 2.66 0 0.0 0 374
298 374 2.66 0 0.0 0 374
300 374 2.66 0 0.0 0 374
302 374 2.66 0 0.0 0 374
304 374 2.66 0 0.0 0 374
306 374 2.66 0 0.0 0 374
308 374 2.66 0 0.0 0 374
310 374 2.66 0 0.0 0 374
312 374 2.66 0 0.0 0 374
314 374 2.66 0 0.0 0 374
316 374 2.66 0 0.0 0 374
318 374 2.66 0 0.0 0 374
320 374 2.66 0 0.0 0 374
322 374 2.66 0 0.0 0 374
324 374 2.66 0 0.0 0 374
326 374 2.66 0 0.0 0 374
328 374 2.66 0 0.0 0 374
330 374 2.66 0 0.0 0 374
332 374 2.66 0 0.0 0 374
334 374 2.66 0 0.0 0 374
336 374 2.66 0 0.0 0 374
338 374 2.66 0 0.0 0 374
340 374 2.66 0 0.0 0 374
342 374 2.66 0 0.0 0 374
344 374 2.66 0 0.0 0 374
346 374 2.66 0 0.0 0 374
348 374 2.66 0 0.0 0 374
350 374 2.66 0 0.0 0 374
352 374 2.66 0 0.0 0 374
354 374 2.66 0 0.0 0 374
356 374 2.66 0 0.0 0 374
358 374 2.66 0 0.0 0 374
360 374 2.66 0 0.0 0 374
362 374 2.66 0 0.0 0 374
364 374 2.66 0 0.0 0 374
366 374 2.66 0 0.0 0 374
368 374 2.66 0 0.0 0 374
370 374 2.66 0 0.0 0 374
372 374 2.66 0 0.0 0 374
374 374 2.66 0 0.0 0 374
376 374 2.66 0 0.0 0 374
378 374 2.66 0 0.0 0 374
380 374 2.66 0 0.0 0 374
382 374 2.66 0 0.0 0 374
384 374 2.66 0 0.0 0 374
386 374 2.66 0 0.0 0 374
388 374 2.66 0 0.0 0 374
390 374 2.66 0 0.0 0 374
392 374 2.66 0 0.0 0 374
394 374 2.66 0 0.0 0 374
396 374 2.66 0 0.0 0 374
398 374 2.66 0 0.0 0 374
400 374 2.66 0 0.0 0 374
402 374 2.66 0 0.0 0 374
404 374 2.66 0 0.0 0 374
406 374 2.66 0 0.0 0 374
408 374 2.66 0 0.0 0 374
410 374 2.66 0 0.0 0 374
412 374 2.66 0 0.0 0 374
414 374 2.66 0 0.0 0 374
416 374 2.66 0 0.0 0 374
418 374 2.66 0 0.0 0 374
420 374 2.66 0 0.0 0 374
422 374 2.66 0 0.0 0 374
424 374 2.66 0 0.0 0 374
426 374 2.66 0 0.0 0 374
428 374 2.66 0 0.0 0 374
430 374 2.66 0 0.0 0 374
432 374 2.66 0 0.0 0 374
434 374 2.66 0 0.0 0 374
436 374 2.66 0 0.0 0 374
438 374 2.66 0 0.0 0 374
440 374 2.66 0 0.0 0 374
442 374 2.66 0 0.0 0 374
444 374 2.66 0 0.0 0 374
446 374 2.66 0 0.0 0 374
448 374 2.66 0 0.0 0 374
450 374 2.66 0 0.0 0 374
452 374 2.66 0 0.0 0 374
454 374 2.66 0 0.0 0 374
456 374 2.66 0 0.0 0 374
458 374 2.66 0 0.0 0 374
460 374 2.66 0 0.0 0 374
462 374 2.66 0 0.0 0 374
464 374 2.66 0 0.0 0 374
466 374 2.66 0 0.0 0 374
468 374 2.66 0 0.0 0 374
470 374 2.66 0 0.0 0 374
472 374 2.66 0 0.0 0 374
474 374 2.66 0 0.0 0 374
476 374 2.66 0 0.0 0 374
478 374 2.66 0 0.0 0 374
480 374 2.66 0 0.0 0 374
482 374 2.66 0 0.0 0 374
484 374 2.66 0 0.0 0 374
486 374 2.66 0 0.0 0 374
488 374 2.66 0 0.0 0 374
490 374 2.66 0 0.0 0 374
492 374 2.66 0 0.0 0 374
494 374 2.66 0 0.0 0 374
496 374 2.66 0 0.0 0 374
498 374 2.66 0 0.0 0 374
500 374 2.66 0 0.0 0 374
502 374 2.66 0 0.0 0 374
504 374 2.66 0 0.0 0 374
506 374 2.66 0 0.0 0 374
508 374 2.66 0 0.0 0 374
510 374 2.66 0 0.0 0 374
512 374 2.66 0 0.0 0 374
514 374 2.66 0 0.0 0 374
516 374 2.66 0 0.0 0 374
518 374 2.66 0 0.0 0 374
520 374 2.66 0 0.0 0 374
522 374 2.66 0 0.0 0 374
524 374 2.66 0 0.0 0 374
526 374 2.66 0 0.0 0 374
528 374 2.66 0 0.0 0 374
530 374 2.66 0 0.0 0 374
532 374 2.66 0 0.0 0 374
534 374 2.66 0 0.0 0 374
536 374 2.66 0 0.0 0 374
538 374 2.66 0 0.0 0 374
540 374 2.66 0 0.0 0 374
542 374 2.66 0 0.0 0 374
544 374 2.66 0 0.0 0 374
546 374 2.66 0 0.0 0 374
548 374 2.66 0 0.0 0 374
550 374 2.66 0 0.0 0 374
552 374 2.66 0 0.0 0 374
554 374 2.66 0 0.0 0 374
556 374 2.66 0 0.0 0 374
558 374 2.66 0 0.0 0 374
560 374 2.66 0 0.0 0 374
562 374 2.66 0 0.0 0 374
564 374 2.66 0 0.0 0 374
566 374 2.66 0 0.0 0 374
568 374 2.66 0 0.0 0 374
570 374 2.66 0 0.0 0 374
572 374 2.66 0 0.0 0 374
574 374 2.66 0 0.0 0 374
576 374 2.66 0 0.0 0 374
578 374 2.66 0 0.0 0 374
580 374 2.66 0 0.0 0 374
582 374 2.66 0 0.0 0 374
584 374 2.66 0 0.0 0 374
586 374 2.66 0 0.0 0 374
588 374 2.66 0 0.0 0 374
590 374 2.66 0 0.0 0 374
592 374 2.66 0 0.0 0 374
594 374 2.66 0 0.0 0 374
596 374 2.66 0 0.0 0 374
598 374 2.66 0 0.0 0 374
600 374 2.66 0 0.0 0 374
602 374 2.66 0 0.0 0 374
604 374 2.66 0 0.0 0 374
606 374 2.66 0 0.0 0 374
608 374 2.66 0 0.0 0 374
610 374 2.66 0 0.0 0 374
612 374 2.66 0 0.0 0 374
614 374 2.66 0 0.0 0 374
616 374 2.66 0 0.0 0 374
618 374 2.66 0 0.0 0 374
620 374 2.66 0 0.0 0 374
622 374 2.66 0 0.0 0 374
624 374 2.66 0 0.0 0 374
626 374 2.66 0 0.0 0 374
628 374 2.66 0 0.0 0 374
630 374 2.66 0 0.0 0 374
632 374 2.66 0 0.0 0 374
634 374 2.66 0 0.0 0 374
636 374 2.66 0 0.0 0 374
638 374 2.66 0 0.0 0 374
640 374 2.66 0 0.0 0 374
642 374 2.66 0 0.0 0 374
644 374 2.66 0 0.0 0 374
646 374 2.66 0 0.0 0 374
648 374 2.66 0 0.0 0 374
650 374 2.66 0 0.0 0 374
652 374 2.66 0 0.0 0 374
654 374 2.66 0 0.0 0 374
656 374 2.66 0 0.0 0 374
658 374 2.66 0 0.0 0 374
660 374 2.66 0 0.0 0 374
662 374 2.66 0 0.0 0 374
664 374 2.66 0 0.0 0 374
666 374 2.66 0 0.0 0 374
668 374 2.66 0 0.0 0 374
670 374 2.66 0 0.0 0 374
672 374 2.66 0 0.0 0 374
674 374 2.66 0 0.0 0 374
676 374 2.66 0 0.0 0 374
678 374 2.66 0 0.0 0 374
680 374 2.66 0 0.0 0 374
682 374 2.66 0 0.0 0 374
684 374 2.66 0 0.0 0 374
686 374 2.66 0 0.0 0 374
688 374 2.66 0 0.0 0 374
690 374 2.66 0 0.0 0 374
692 374 2.66 0 0.0 0 374
694 374 2.66 0 0.0 0 374
696 374 2.66 0 0.0 0 374
698 374 2.66 0 0.0 0 374
700 374 2.66 0 0.0 0 374
702 374 2.66 0 0.0 0 374
704 374 2.66 0 0.0 0 374
706 374 2.66 0 0.0 0 374
708 374 2.66 0 0.0 0 374
710 374 2.66 0 0.0 0 374
712 374 2.66 0 0.0 0 374
714 374 2.66 0 0.0 0 374
716 374 2.66 0 0.0 0 374
718 374 2.66 0 0.0 0 374
720 374 2.66 0 0.0 0 374
722 374 2.66 0 0.0 0 374
724 374 2.66 0 0.0 0 374
726 374 2.66 0 0.0 0 374
728 374 2.66 0 0.0 0 374
730 374 2.66 0 0.0 0 374
732 374 2.66 0 0.0 0 374
734 374 2.66 0 0.0 0 374
736 374 2.66 0 0.0 0 374
738 374 2.66 0 0.0 0 374
740 374 2.66 0 0.0 0 374
742 374 2.66 0 0.0 0 374
744 374 2.66 0 0.0 0 374
746 374 2.66 0 0.0 0 374
748 374 2.66 0 0.0 0 374
750 374 2.66 0 0.0 0 374
752 374 2.66 0 0.0 0 374
754 374 2.66 0 0.0 0 374
756 374 2.66 0 0.0 0 374
758 374 2.66 0 0.0 0 374
760 374 2.66 0 0.0 0 374
762 374 2.66 0 0.0 0 374
764 374 2.66 0 0.0 0 374
766 374 2.66 0 0.0 0 374
768 374 2.66 0 0.0 0 374
770 374 2.66 0 0.0 0 374
772 374 2.66 0 0.0 0 374
774 374 2.66 0 0.0 0 374
776 374 2.66 0 0.0 0 374
778 374 2.66 0 0.0 0 374
780 374 2.66 0 0.0 0 374
782 374 2.66 0 0.0 0 374
784 374 2.66 0 0.0 0 374
786 374 2.66 0 0.0 0 374
788 374 2.66 0 0.0 0 374
790 374 2.66 0 0.0 0 374
792 374 2.66 0 0.0 0 374
794 374 2.66 0 0.0 0 374
796 374 2.66 0 0.0 0 374
798 374 2.66 0 0.0 0 374
800 374 2.66 0 0.0 0 374
802 374 2.66 0 0.0 0 374
804 374 2.66 0 0.0 0 374
806 374 2.66 0 0.0 0 374
808 374 2.66 0 0.0 0 374
810 374 2.66 0 0.0 0 374
812 374 2.66 0 0.0 0 374
814 374 2.66 0 0.0 0 374
816 374 2.66 0 0.0 0 374
818 374 2.66 0 0.0 0 374
820 374 2.66 0 0.0 0 374
822 374 2.66 0 0.0 0 374
824 374 2.66 0 0.0 0 374
826 374 2.66 0 0.0 0 374
828 374 2.66 0 0.0 0 374
830 374 2.66 0 0.0 0 374
832 374 2.66 0 0.0 0 374
834 374 2.66 0 0.0 0 374
836 374 2.66 0 0.0 0 374
838 374 2.66 0 0.0 0 374
840 374 2.66 0 0.0 0 374
842 374 2.66 0 0.0 0 374
844 374 2.66 0 0.0 0 374
846 374 2.66 0 0.0 0 374
848 374 2.66 0 0.0 0 374
850 374 2.66 0 0.0 0 374
852 374 2.66 0 0.0 0 374
854 374 2.66 0 0.0 0 374
856 374 2.66 0 0.0 0 374
858 374 2.66 0 0.0 0 374
860 374 2.66 0 0.0 0 374
862 374 2.66 0 0.0 0 374
864 374 2.66 0 0.0 0 374
866 374 2.66 0 0.0 0 374
868 374 2.66 0 0.0 0 374
870 374 2.66 0 0.0 0 374
872 374 2.66 0 0.0 0 374
874 374 2.66 0 0.0 0 374
876 374 2.66 0 0.0 0 374
878 374 2.66 0 0.0 0 374
880 374 2.66 0 0.0 0 374
882 374 2.66 0 0.0 0 374
884 374 2.66 0 0.0 0 374
886 374 2.66 0 0.0 0 374
888 374 2.66 0 0.0 0 374
890 374 2.66 0 0.0 0 374
892 374 2.66 0 0.0 0 374
894 374 2.66 0 0.0 0 374
896 374 2.66 0 0.0 0 374
898 374 2.66 0 0.0 0 374
900 374 2.66 0 0.0 0 374
902 374 2.66 0 0.0 0 374
904 374 2.66 0 0.0 0 374
906 374 2.66 0 0.0 0 374
908 374 2.66 0 0.0 0 374
910 374 2.66 0 0.0 0 374
912 374 2.66 0 0.0 0 374
914 374 2.66 0 0.0 0 374
916 374 2.66 0 0.0 0 374
918 374 2.66 0 0.0 0 374
920 374 2.66 0 0.0 0 374
922 374 2.66 0 0.0 0 374
924 374 2.66 0 0.0 0 374
926 374 2.66 0 0.0 0 374
928 374 2.66 0 0.0 0 374
930 374 2.66 0 0.0 0 374
932 374 2.66 0 0.0 0 374
934 374 2.66 0 0.0 0 374
936 374 2.66 0 0.0 0 374
938 374 2.66 0 0.0 0 374
940 374 2.66 0 0.0 0 374
942 374 2.66 0 0.0 0 374
944 374 2.66 0 0.0 0 374
946 374 2.66 0 0.0 0 374
948 374 2.66 0 0.0 0 374
950 374 2.66 0 0.0 0 374
952 374 2.66 0 0.0 0 374
954 374 2.66 0 0.0 0 374
956 374 2.66 0 0.0 0 374
958 374 2.66 0 0.0 0 374
960 374 2.66 0 0.0 0 374
962 374 2.66 0 0.0 0 374
964 374 2.66 0 0.0 0 374
966 374 2.66 0 0.0 0 374
968 374 2.66 0 0.0 0 374
970 374 2.66 0 0.0 0 374
972 374 2.66 0 0.0 0 374
974 374 2.66 0 0.0 0 374
976 374 2.66 0 0.0 0 374
978 374 2.66 0 0.0 0 374
980 374 2.66 0 0.0 0 374
982 374 2.66 0 0.0 0 374
984 374 2.66 0 0.0 0 374
986 374 2.66 0 0.0 0 374
988 374 2.66 0 0.0 0 374
990 374 2.66 0 0.0 0 374
992 374 2.66 0 0.0 0 374
994 374 2.66 0 0.0 0 374
996 374 2.66 0 0.0 0 374
998 374 2.66 0 0.0 0 374
1000 374 2.66 0 0.0 0 374
1002 374 2.66 0 0.0 0 374
1004 374 2.66 0 0.0 0 374
1006 374 2.66 0 0.0 0 374
1008 374 2.66 0 0.0 0 374
1010 374 2.66 0 0.0 0 374
1012 374 2.66 0 0.0 0 374
1014 374 2.66 0 0.0 0 374
1016 374 2.66 0 0.0 0 374
1018 374 2.66 0 0.0 0 374
1020 374 2.66 0 0.0 0 374
1022 374 2.66 0 0.0 0 374
1024 374 2.66 0 0.0 0 374
1026 374 2.66 0 0.0 0 374
1028 374 2.66 0 0.0 0 374
1030 374 2.66 0 0.0 0 374
1032 374 2.66 0 0.0 0 374
1034 374 2.66 0 0.0 0 374
1036 374 2.66 0 0.0 0 374
1038 374 2.66 0 0.0 0 374
1040 374 2.66 0 0.0 0 374
1042 374 2.66 0 0.0 0 374
1044 374 2.66 0 0.0 0 374
1046 374 2.66 0 0.0 0 374
1048 374 2.66 0 0.0 0 374
1050 374 2.66 0 0.0 0 374
1052 374 2.66 0 0.0 0 374
1054 374 2.66 0 0.0 0 374
1056 374 2.66 0 0.0 0 374
1058 374 2.66 0 0.0 0 374
1060 374 2.66 0 0.0 0 374
1062 374 2.66 0 0.0 0 374
1064 374 2.66 0 0.0 0 374
1066 374 2.66 0 0.0 0 374
1068 374 2.66 0 0.0 0 374
1070 374 2.66 0 0.0 0 374
1072 374 2.66 0 0.0 0 374
1074 374 2.66 0 0.0 0 374
1076 374 2.66 0 0.0 0 374
1078 374 2.66 0 0.0 0 374
1080 374 2.66 0 0.0 0 374
1082 374 2.66 0 0.0 0 374
1084 374 2.66 0 0.0 0 374
1086 374 2.66 0 0.0 0 374
1088 374 2.66 0 0.0 0 374
1090 374 2.66 0 0.0 0 374
1092 374 2.66 0 0.0 0 374
1094 374 2.66 0 0.0 0 374
1096 374 2.66 0 0.0 0 374
1098 374 2.66 0 0.0 0 374
1100 374 2.66 0 0.0 0 374
1102 374 2.66 0 0.0 0 374
1104 374 2.66 0 0.0 0 374
1106 374 2.66 0 0.0 0 374
1108 374 2.66 0 0.0 0 374
1110 374 2.66 0 0.0 0 374
1112 374 2.66 0 0.0 0 374
1114 374 2.66 0 0.0 0 374
1116 374 2.66 0 0.0 0 374
1118 374 2.66 0 0.0 0 374
1120 374 2.66 0 0.0 0 374
1122 374 2.66 0 0.0 0 374
1124 374 2.66 0 0.0 0 374
1126 374 2.66 0 0.0 0 374
1128 374 2.66 0 0.0 0 374
1130 374 2.66 0 0.0 0 374
1132 374 2.66 0 0.0 0 374
1134 374 2.66 0 0.0 0 374
1136 374 2.66 0 0.0 0 374
1138 374 2.66 0 0.0 0 374
1140 374 2.66 0 0.0 0 374
1142 374 2.66 0 0.0 0 374
1144 374 2.66 0 0.0 0 374
1146 374 2.66 0 0.0 0 374
1148 374 2.66 0 0.0 0 374
1150 374 2.66 0 0.0 0 374
1152 374 2.66 0 0.0 0 374
1154 374 2.66 0 0.0 0 374
1156 374 2.66 0 0.0 0 374
1158 374 2.66 0 0.0 0 374
1160 374 2.66 0 0.0 0 374
1162 374 2.66 0 0.0 0 374
1164 374 2.66 0 0.0 0 374
1166 374 2.66 0 0.0 0 374
1168 374 2.66 0 0.0 0 374
1170 374 2.66 0 0.0 0 374
1172 374 2.66 0 0.0 0 374
1174 374 2.66 0 0.0 0 374
1176 374 2.66 0 0.0 0 374
1178 374 2.66 0 0.0 0 374
1180 374 2.66 0 0.0 0 374
1182 374 2.66 0 0.0 0 374
1184 374 2.66 0 0.0 0 374
1186 374 2.66 0 0.0 0 374
1188 374 2.66 0 0.0 0 374
1190 374 2.66 0 0.0 0 374
1192 374 2.66 0 0.0 0 374
1194 374 2.66 0 0.0 0 374
1196 374 2.66 0 0.0 0 374
1198 374 2.66 0 0.0 0 374
1200 374 2.66 0 0.0 0 374
1202 374 2.66 0 0.0 0 374
1204 374 2.66 0 0.0 0 374
1206 374 2.66 0 0.0 0 374
1208 374 2.66 0 0.0 0 374
1210 374 2.66 0 0.0 0 374
1212 374 2.66 0 0.0 0 374
1214 374 2.66 0 0.0 0 374
1216 374 2.66 0 0.0 0 374
1218 374 2.66 0 0.0 0 374
1220 374 2.66 0 0.0 0 374
1222 374 2.66 0 0.0 0 374
1224 374 2.66 0 0.0 0 374
1226 374 2.66 0 0.0 0 374
1228 374 2.66 0 0.0 0 374
1230 374 2.66 0 0.0 0 374
1232 374 2.66 0 0.0 0 374
1234 374 2.66 0 0.0 0 374
1236 374 2.66 0 0.0 0 374
1238 374 2.66 0 0.0 0 374
1240 374 2.66 0 0.0 0 374
1242 374 2.66 0 0.0 0 374
1244 374 2.66 0 0.0 0 374
1246 374 2.66 0 0.0 0 374
1248 374 2.66 0 0.0 0 374
1250 374 2.66 0 0.0 0 374
1252 374 2.66 0 0.0 0 374
1254 374 2.66 0 0.0 0 374
1256 374 2.66 0 0.0 0 374
1258 374 2.66 0 0.0 0 374
1260 374 2.66 0 0.0 0 374
1262 374 2.66 0 0.0 0 374
1264 374 2.66 0 0.0 0 374
1266 374 2.66 0 0.0 0 374
1268 374 2.66 0 0.0 0 374
1270 374 2.66 0 0.0 0 374
1272 374 2.66 0 0.0 0 374
1274 374 2.66 0 0.0 0 374
1276 374 2.66 0 0.0 0 374
1278 374 2.66 0 0.0 0 374
1280 374 2.66 0 0.0 0 374
1282 374 2.66 0 0.0 0 374
1284 374 2.66 0 0.0 0 374
1286 374 2.66 0 0.0 0 374
1288 374 2.66 0 0.0 0 374
1290 374 2.66 0 0.0 0 374
1292 374 2.66 0 0.0 0 374
1294 374 2.66 0 0.0 0 374
1296 374 2.66 0 0.0 0 374
1298 374 2.66 0 0.0 0 374
1300 374 2.66 0 0.0 0 374
1302 374 2.66 0 0.0 0 374
1304 374 2.66 0 0.0 0 374
1306 374 2.66 0 0.0 0 374
1308 374 2.66 0 0.0 0 374
1310 374 2.66 0 0.0 0 374
1312 374 2.66 0 0.0 0 374
1314 374 2.66 0 0.0 0 374
1316 374 2.66 0 0.0 0 374
1318 374 2.66 0 0.0 0 374
1320 374 2.66 0 0.0 0 374
1322 374 2.66 0 0.0 0 374
1324 374 2.66 0 0.0 0 374
1326 374 2.66 0 0.0 0 374
1328 374 2.66 0 0.0 0 374
1330 374 2.66 0 0.0 0 374
1332 374 2.66 0 0.0 0 374
1334 374 2.66 0 0.0 0 374
1336 374 2.66 0 0.0 0 374
1338 374 2.66 0 0.0 0 374
1340 374 2.66 0 0.0 0 374
1342 374 2.66 0 0.0 0 374
1344 374 2.66 0 0.0 0 374
1346 374 2.66 0 0.0 0 374
1348 374 2.66 0 0.0 0 374
1350 374 2.66 0 0.0 0 374
1352 374 2.66 0 0.0 0 374
1354 374 2.66 0 0.0 0 374
1356 374 2.66 0 0.0 0 374
1358 374 2.66 0 0.0 0 374
1360 374 2.66 0 0.0 0 374
1362 374 2.66 0 0.0 0 374
1364 374 2.66 0 0.0 0 374
1366 374 2.66 0 0.0 0 374
1368 374 2.66 0 0.0 0 374
1370 374 2.66 0 0.0 0 374
1372 374 2.66 0 0.0 0 374
1374 374 2.66 0 0.0 0 374
1376 374 2.66 0 0.0 0 374
1378 374 2.66 0 0.0 0 374
1380 374 2.66 0 0.0 0 374
1382 374 2.66 0 0.0 0 374
1384 374 2.66 0 0.0 0 374
1386 374 2.66 0 0.0 0 374
1388 374 2.66 0 0.0 0 374
1390 374 2.66 0 0.0 0 374
1392 374 2.66 0 0.0 0 374
1394 374 2.66 0 0.0 0 374
1396 374 2.66 0 0.0 0 374
1398 374 2.66 0 0.0 0 374
1400 374 2.66 0 0.0 0 374
1402 374 2.66 0 0.0 0 374
1404 373 2.66 0 0.0 1 374
1406 373 2.66 0 0.0 1 373
1408 373 2.66 0 0.0 1 373
1410 373 2.66 0 0.0 1 373
1412 373 2.66 0 0.0 1 373
1414 373 2.66 0 0.0 1 373
1416 373 2.66 0 0.0 1 373
1418 373 2.66 0 0.0 1 373
1420 373 2.66 0 0.0 1 373
1422 373 2.66 0 0.0 1 373
1424 373 2.66 0 0.0 1 373
1426 373 2.66 0 0.0 1 373
1428 373 2.66 0 0.0 1 373
1430 373 2.66 0 0.0 1 373
1432 373 2.66 0 0.0 1 373
1434 373 2.66 0 0.0 1 373
1436 373 2.66 0 0.0 1 373
1438 373 2.66 0 0.0 1 373
1440 373 2.66 0 0.0 1 373
