Time PAO1_Count PAO1_Conc Glycerol_Count Glycerol_Conc PAO1_Died bacteria_couldn't_eat
0 43 0,21 57811 2,76 0 0
2 43 0,21 57811 2,76 0 0
4 43 0,21 57766 2,76 0 0
6 43 0,21 57715 2,75 0 0
8 43 0,22 57666 2,75 0 0
10 43 0,22 57609 2,75 0 0
12 43 0,22 57552 2,75 0 0
14 43 0,22 57499 2,74 0 0
16 43 0,23 57446 2,74 0 0
18 43 0,23 57386 2,74 0 0
20 43 0,23 57322 2,73 0 0
22 43 0,24 57256 2,73 0 0
24 43 0,24 57193 2,73 0 0
26 43 0,24 57130 2,72 0 0
28 43 0,24 57065 2,72 0 0
30 43 0,25 56994 2,72 0 0
32 43 0,25 56921 2,71 0 0
34 43 0,25 56846 2,71 0 0
36 43 0,26 56761 2,7 0 0
38 43 0,26 56685 2,7 0 0
40 43 0,26 56609 2,7 0 0
42 43 0,27 56534 2,69 0 0
44 43 0,27 56455 2,69 0 0
46 43 0,27 56372 2,69 0 0
48 43 0,28 56284 2,68 0 0
50 43 0,28 56193 2,68 0 0
52 43 0,28 56110 2,67 0 0
54 43 0,29 56021 2,67 0 0
56 43 0,29 55927 2,67 0 0
58 43 0,29 55838 2,66 0 0
60 43 0,3 55754 2,66 0 0
62 43 0,3 55667 2,65 0 0
64 43 0,31 55578 2,65 0 0
66 43 0,31 55480 2,64 0 0
68 43 0,31 55382 2,64 0 0
70 43 0,32 55290 2,63 0 0
72 43 0,32 55190 2,63 0 0
74 43 0,32 55090 2,63 0 0
76 43 0,33 54992 2,62 0 0
78 43 0,33 54886 2,62 0 0
80 43 0,34 54786 2,61 0 0
82 43 0,34 54680 2,61 0 0
84 43 0,35 54584 2,6 0 0
86 43 0,35 54486 2,6 0 0
88 43 0,35 54382 2,59 0 0
90 43 0,36 54281 2,59 0 0
92 43 0,36 54169 2,58 0 0
94 43 0,37 54060 2,58 0 0
96 43 0,37 53957 2,57 0 0
98 43 0,38 53848 2,57 0 0
100 43 0,38 53737 2,56 0 0
102 43 0,39 53626 2,55 0 0
104 43 0,39 53504 2,55 0 0
106 43 0,4 53391 2,54 0 0
108 43 0,4 53272 2,54 0 0
110 43 0,41 53143 2,53 0 0
112 43 0,41 53019 2,53 0 0
114 43 0,42 52897 2,52 0 0
116 86 0,42 52773 2,51 0 0
118 86 0,43 52651 2,51 0 0
120 86 0,43 52525 2,5 0 0
122 86 0,44 52393 2,5 0 0
124 86 0,44 52257 2,49 0 0
126 86 0,45 52117 2,48 0 0
128 86 0,45 51980 2,48 0 0
130 86 0,46 51839 2,47 0 0
132 86 0,46 51697 2,46 0 0
134 86 0,47 51553 2,46 0 0
136 86 0,48 51408 2,45 0 0
138 86 0,48 51270 2,44 0 0
140 86 0,49 51127 2,44 0 0
142 86 0,49 50981 2,43 0 0
144 86 0,5 50833 2,42 0 0
146 86 0,51 50680 2,41 0 0
148 86 0,51 50531 2,41 0 0
150 86 0,52 50373 2,4 0 0
152 86 0,53 50227 2,39 0 0
154 86 0,53 50067 2,38 0 0
156 86 0,54 49919 2,38 0 0
158 86 0,54 49757 2,37 0 0
160 86 0,55 49596 2,36 0 0
162 86 0,56 49413 2,35 0 0
164 86 0,57 49246 2,35 0 0
166 86 0,57 49073 2,34 0 0
168 86 0,58 48894 2,33 0 0
170 86 0,59 48719 2,32 0 0
172 86 0,59 48542 2,31 0 0
174 86 0,6 48356 2,3 0 0
176 86 0,61 48169 2,29 0 0
178 86 0,62 47982 2,29 0 0
180 86 0,62 47795 2,28 0 0
182 86 0,63 47608 2,27 0 0
184 86 0,64 47420 2,26 0 0
186 86 0,65 47226 2,25 0 0
188 86 0,66 47027 2,24 0 0
190 86 0,66 46830 2,23 0 0
192 86 0,67 46636 2,22 0 0
194 86 0,68 46438 2,21 0 0
196 86 0,69 46233 2,2 0 0
198 86 0,7 46028 2,19 0 0
200 86 0,71 45812 2,18 0 0
202 86 0,71 45598 2,17 0 0
204 86 0,72 45382 2,16 0 0
206 86 0,73 45163 2,15 0 0
208 86 0,74 44948 2,14 0 0
210 86 0,75 44725 2,13 0 0
212 86 0,76 44502 2,12 0 0
214 86 0,77 44271 2,11 0 0
216 86 0,78 44034 2,1 0 0
218 86 0,79 43806 2,09 0 0
220 86 0,8 43568 2,07 0 0
222 86 0,81 43324 2,06 0 0
224 86 0,82 43080 2,05 0 0
226 86 0,83 42838 2,04 0 0
228 172 0,84 42584 2,03 0 0
230 172 0,85 42323 2,01 0 0
232 172 0,86 42062 2,0 0 0
234 172 0,87 41799 1,99 0 0
236 172 0,88 41549 1,98 0 0
238 172 0,89 41279 1,97 0 0
240 172 0,9 41009 1,95 0 0
242 172 0,91 40732 1,94 0 0
244 172 0,93 40448 1,93 0 0
246 172 0,94 40172 1,91 0 0
248 172 0,95 39885 1,9 0 0
250 172 0,96 39608 1,89 0 0
252 172 0,97 39313 1,87 0 0
254 172 0,98 39020 1,86 0 0
256 172 1,0 38720 1,84 0 0
258 172 1,01 38430 1,83 0 0
260 172 1,02 38129 1,81 0 0
262 172 1,03 37814 1,8 0 0
264 172 1,05 37506 1,78 0 0
266 172 1,06 37197 1,77 0 0
268 172 1,07 36871 1,75 0 0
270 172 1,09 36543 1,74 0 0
272 172 1,1 36229 1,72 0 0
274 172 1,11 35894 1,71 0 0
276 172 1,13 35554 1,69 0 0
278 172 1,14 35209 1,67 0 0
280 172 1,16 34869 1,66 0 0
282 172 1,17 34523 1,64 0 0
284 172 1,18 34171 1,62 0 0
286 172 1,2 33812 1,61 0 0
288 172 1,21 33446 1,59 0 0
290 172 1,23 33077 1,57 0 0
292 172 1,24 32691 1,55 0 0
294 172 1,26 32307 1,54 0 0
296 172 1,28 31920 1,52 0 0
298 172 1,29 31534 1,5 0 0
300 172 1,31 31139 1,48 0 0
302 172 1,32 30741 1,46 0 0
304 172 1,34 30345 1,44 0 0
306 172 1,36 29944 1,42 0 0
308 172 1,37 29533 1,4 0 0
310 172 1,39 29123 1,39 0 0
312 172 1,41 28697 1,36 0 0
314 172 1,43 28277 1,34 0 0
316 172 1,44 27850 1,32 0 0
318 172 1,46 27410 1,3 0 0
320 172 1,48 26968 1,28 0 0
322 172 1,5 26526 1,26 0 0
324 172 1,52 26080 1,24 0 0
326 172 1,53 25621 1,22 0 0
328 172 1,55 25165 1,2 0 0
330 172 1,57 24698 1,17 0 0
332 172 1,59 24219 1,15 0 0
334 172 1,61 23732 1,13 0 0
336 172 1,63 23250 1,1 0 0
338 172 1,65 22758 1,08 0 0
340 344 1,67 22258 1,06 0 0
342 344 1,69 21767 1,03 0 0
344 344 1,72 21260 1,01 0 0
346 344 1,74 20739 0,98 0 0
348 344 1,76 20198 0,96 0 0
350 344 1,78 19672 0,93 0 0
352 344 1,8 19127 0,91 0 0
354 344 1,82 18589 0,88 0 0
356 344 1,85 18035 0,85 0 0
358 344 1,87 17470 0,83 0 0
360 344 1,89 16910 0,8 0 0
362 344 1,92 16346 0,77 0 0
364 344 1,94 15755 0,75 0 0
366 344 1,96 15157 0,72 0 0
368 344 1,99 14573 0,69 0 0
370 344 2,01 13985 0,66 0 0
372 344 2,04 13373 0,63 0 0
374 344 2,06 12765 0,6 0 0
376 344 2,09 12150 0,57 0 0
378 344 2,11 11521 0,54 0 0
380 344 2,14 10880 0,51 0 0
382 344 2,17 10245 0,48 0 0
384 344 2,19 9574 0,45 0 0
386 344 2,22 8911 0,42 0 0
388 344 2,25 8234 0,39 0 0
390 344 2,28 7551 0,35 0 0
392 344 2,31 6869 0,32 0 0
394 344 2,33 6169 0,29 0 0
396 344 2,36 5461 0,25 0 0
398 344 2,39 4742 0,22 0 0
400 344 2,42 4014 0,19 0 0
402 344 2,45 3284 0,15 0 0
404 344 2,48 2542 0,12 0 2
406 344 2,51 1796 0,08 0 0
408 344 2,54 1107 0,05 0 28
410 344 2,56 551 0,02 0 77
412 344 2,58 205 0,01 0 166
414 344 2,59 44 0,0 0 245
416 344 2,59 10 0,0 0 316
418 344 2,59 1 0,0 0 335
420 344 2,59 0 0,0 0 343
422 344 2,59 0 0,0 0 344
424 344 2,59 0 0,0 0 344
426 344 2,59 0 0,0 0 344
428 344 2,59 0 0,0 0 344
430 344 2,59 0 0,0 0 344
432 344 2,59 0 0,0 0 344
434 344 2,59 0 0,0 0 344
436 344 2,59 0 0,0 0 344
438 344 2,59 0 0,0 0 344
440 344 2,59 0 0,0 0 344
442 344 2,59 0 0,0 0 344
444 344 2,59 0 0,0 0 344
446 344 2,59 0 0,0 0 344
448 344 2,59 0 0,0 0 344
450 344 2,59 0 0,0 0 344
452 344 2,59 0 0,0 0 344
454 344 2,59 0 0,0 0 344
456 344 2,59 0 0,0 0 344
458 344 2,59 0 0,0 0 344
460 344 2,59 0 0,0 0 344
462 344 2,59 0 0,0 0 344
464 344 2,59 0 0,0 0 344
466 344 2,59 0 0,0 0 344
468 344 2,59 0 0,0 0 344
470 344 2,59 0 0,0 0 344
472 344 2,59 0 0,0 0 344
474 344 2,59 0 0,0 0 344
476 344 2,59 0 0,0 0 344
478 344 2,59 0 0,0 0 344
480 344 2,59 0 0,0 0 344
482 344 2,59 0 0,0 0 344
484 344 2,59 0 0,0 0 344
486 344 2,59 0 0,0 0 344
488 344 2,59 0 0,0 0 344
490 344 2,59 0 0,0 0 344
492 344 2,59 0 0,0 0 344
494 344 2,59 0 0,0 0 344
496 344 2,59 0 0,0 0 344
498 344 2,59 0 0,0 0 344
500 344 2,59 0 0,0 0 344
502 344 2,59 0 0,0 0 344
504 344 2,59 0 0,0 0 344
506 344 2,59 0 0,0 0 344
508 344 2,59 0 0,0 0 344
510 344 2,59 0 0,0 0 344
512 344 2,59 0 0,0 0 344
514 344 2,59 0 0,0 0 344
516 344 2,59 0 0,0 0 344
518 344 2,59 0 0,0 0 344
520 344 2,59 0 0,0 0 344
522 344 2,59 0 0,0 0 344
524 344 2,59 0 0,0 0 344
526 344 2,59 0 0,0 0 344
528 344 2,59 0 0,0 0 344
530 344 2,59 0 0,0 0 344
532 344 2,59 0 0,0 0 344
534 344 2,59 0 0,0 0 344
536 344 2,59 0 0,0 0 344
538 344 2,59 0 0,0 0 344
540 344 2,59 0 0,0 0 344
542 344 2,59 0 0,0 0 344
544 344 2,59 0 0,0 0 344
546 344 2,59 0 0,0 0 344
548 344 2,59 0 0,0 0 344
550 344 2,59 0 0,0 0 344
552 344 2,59 0 0,0 0 344
554 344 2,59 0 0,0 0 344
556 344 2,59 0 0,0 0 344
558 344 2,59 0 0,0 0 344
560 344 2,59 0 0,0 0 344
562 344 2,59 0 0,0 0 344
564 344 2,59 0 0,0 0 344
566 344 2,59 0 0,0 0 344
568 344 2,59 0 0,0 0 344
570 344 2,59 0 0,0 0 344
572 344 2,59 0 0,0 0 344
574 344 2,59 0 0,0 0 344
576 344 2,59 0 0,0 0 344
578 344 2,59 0 0,0 0 344
580 344 2,59 0 0,0 0 344
582 344 2,59 0 0,0 0 344
584 344 2,59 0 0,0 0 344
586 344 2,59 0 0,0 0 344
588 344 2,59 0 0,0 0 344
590 344 2,59 0 0,0 0 344
592 344 2,59 0 0,0 0 344
594 344 2,59 0 0,0 0 344
596 344 2,59 0 0,0 0 344
598 344 2,59 0 0,0 0 344
600 344 2,59 0 0,0 0 344
602 344 2,59 0 0,0 0 344
604 344 2,59 0 0,0 0 344
606 344 2,59 0 0,0 0 344
608 344 2,59 0 0,0 0 344
610 344 2,59 0 0,0 0 344
612 344 2,59 0 0,0 0 344
614 344 2,59 0 0,0 0 344
616 344 2,59 0 0,0 0 344
618 344 2,59 0 0,0 0 344
620 344 2,59 0 0,0 0 344
622 344 2,59 0 0,0 0 344
624 344 2,59 0 0,0 0 344
626 344 2,59 0 0,0 0 344
628 344 2,59 0 0,0 0 344
630 344 2,59 0 0,0 0 344
632 344 2,59 0 0,0 0 344
634 344 2,59 0 0,0 0 344
636 344 2,59 0 0,0 0 344
638 344 2,59 0 0,0 0 344
640 344 2,59 0 0,0 0 344
642 344 2,59 0 0,0 0 344
644 344 2,59 0 0,0 0 344
646 344 2,59 0 0,0 0 344
648 344 2,59 0 0,0 0 344
650 344 2,59 0 0,0 0 344
652 344 2,59 0 0,0 0 344
654 344 2,59 0 0,0 0 344
656 344 2,59 0 0,0 0 344
658 344 2,59 0 0,0 0 344
660 344 2,59 0 0,0 0 344
662 344 2,59 0 0,0 0 344
664 344 2,59 0 0,0 0 344
666 344 2,59 0 0,0 0 344
668 344 2,59 0 0,0 0 344
670 344 2,59 0 0,0 0 344
672 344 2,59 0 0,0 0 344
674 344 2,59 0 0,0 0 344
676 344 2,59 0 0,0 0 344
678 344 2,59 0 0,0 0 344
680 344 2,59 0 0,0 0 344
682 344 2,59 0 0,0 0 344
684 344 2,59 0 0,0 0 344
686 344 2,59 0 0,0 0 344
688 344 2,59 0 0,0 0 344
690 344 2,59 0 0,0 0 344
692 344 2,59 0 0,0 0 344
694 344 2,59 0 0,0 0 344
696 344 2,59 0 0,0 0 344
698 344 2,59 0 0,0 0 344
700 344 2,59 0 0,0 0 344
702 344 2,59 0 0,0 0 344
704 344 2,59 0 0,0 0 344
706 344 2,59 0 0,0 0 344
708 344 2,59 0 0,0 0 344
710 344 2,59 0 0,0 0 344
712 344 2,59 0 0,0 0 344
714 344 2,59 0 0,0 0 344
716 344 2,59 0 0,0 0 344
718 344 2,59 0 0,0 0 344
720 344 2,59 0 0,0 0 344
722 344 2,59 0 0,0 0 344
724 344 2,59 0 0,0 0 344
726 344 2,59 0 0,0 0 344
728 344 2,59 0 0,0 0 344
730 344 2,59 0 0,0 0 344
732 344 2,59 0 0,0 0 344
734 344 2,59 0 0,0 0 344
736 344 2,59 0 0,0 0 344
738 344 2,59 0 0,0 0 344
740 344 2,59 0 0,0 0 344
742 344 2,59 0 0,0 0 344
744 344 2,59 0 0,0 0 344
746 344 2,59 0 0,0 0 344
748 344 2,59 0 0,0 0 344
750 344 2,59 0 0,0 0 344
752 344 2,59 0 0,0 0 344
754 344 2,59 0 0,0 0 344
756 344 2,59 0 0,0 0 344
758 344 2,59 0 0,0 0 344
760 344 2,59 0 0,0 0 344
762 344 2,59 0 0,0 0 344
764 344 2,59 0 0,0 0 344
766 344 2,59 0 0,0 0 344
768 344 2,59 0 0,0 0 344
770 344 2,59 0 0,0 0 344
772 344 2,59 0 0,0 0 344
774 344 2,59 0 0,0 0 344
776 344 2,59 0 0,0 0 344
778 344 2,59 0 0,0 0 344
780 344 2,59 0 0,0 0 344
782 344 2,59 0 0,0 0 344
784 344 2,59 0 0,0 0 344
786 344 2,59 0 0,0 0 344
788 344 2,59 0 0,0 0 344
790 344 2,59 0 0,0 0 344
792 344 2,59 0 0,0 0 344
794 344 2,59 0 0,0 0 344
796 344 2,59 0 0,0 0 344
798 344 2,59 0 0,0 0 344
800 344 2,59 0 0,0 0 344
802 344 2,59 0 0,0 0 344
804 344 2,59 0 0,0 0 344
806 344 2,59 0 0,0 0 344
808 344 2,59 0 0,0 0 344
810 344 2,59 0 0,0 0 344
812 344 2,59 0 0,0 0 344
814 344 2,59 0 0,0 0 344
816 344 2,59 0 0,0 0 344
818 344 2,59 0 0,0 0 344
820 344 2,59 0 0,0 0 344
822 344 2,59 0 0,0 0 344
824 344 2,59 0 0,0 0 344
826 344 2,59 0 0,0 0 344
828 344 2,59 0 0,0 0 344
830 344 2,59 0 0,0 0 344
832 344 2,59 0 0,0 0 344
834 344 2,59 0 0,0 0 344
836 344 2,59 0 0,0 0 344
838 344 2,59 0 0,0 0 344
840 344 2,59 0 0,0 0 344
842 344 2,59 0 0,0 0 344
844 344 2,59 0 0,0 0 344
846 344 2,59 0 0,0 0 344
848 344 2,59 0 0,0 0 344
850 344 2,59 0 0,0 0 344
852 344 2,59 0 0,0 0 344
854 344 2,59 0 0,0 0 344
856 344 2,59 0 0,0 0 344
858 344 2,59 0 0,0 0 344
860 344 2,59 0 0,0 0 344
862 344 2,59 0 0,0 0 344
864 344 2,59 0 0,0 0 344
866 344 2,59 0 0,0 0 344
868 344 2,59 0 0,0 0 344
870 344 2,59 0 0,0 0 344
872 344 2,59 0 0,0 0 344
874 344 2,59 0 0,0 0 344
876 344 2,59 0 0,0 0 344
878 344 2,59 0 0,0 0 344
880 344 2,59 0 0,0 0 344
882 344 2,59 0 0,0 0 344
884 344 2,59 0 0,0 0 344
886 344 2,59 0 0,0 0 344
888 344 2,59 0 0,0 0 344
890 344 2,59 0 0,0 0 344
892 344 2,59 0 0,0 0 344
894 344 2,59 0 0,0 0 344
896 344 2,59 0 0,0 0 344
898 344 2,59 0 0,0 0 344
900 344 2,59 0 0,0 0 344
902 344 2,59 0 0,0 0 344
904 344 2,59 0 0,0 0 344
906 344 2,59 0 0,0 0 344
908 344 2,59 0 0,0 0 344
910 344 2,59 0 0,0 0 344
912 344 2,59 0 0,0 0 344
914 344 2,59 0 0,0 0 344
916 344 2,59 0 0,0 0 344
918 344 2,59 0 0,0 0 344
920 344 2,59 0 0,0 0 344
922 344 2,59 0 0,0 0 344
924 344 2,59 0 0,0 0 344
926 344 2,59 0 0,0 0 344
928 344 2,59 0 0,0 0 344
930 344 2,59 0 0,0 0 344
932 344 2,59 0 0,0 0 344
934 344 2,59 0 0,0 0 344
936 344 2,59 0 0,0 0 344
938 344 2,59 0 0,0 0 344
940 344 2,59 0 0,0 0 344
942 344 2,59 0 0,0 0 344
944 344 2,59 0 0,0 0 344
946 344 2,59 0 0,0 0 344
948 344 2,59 0 0,0 0 344
950 344 2,59 0 0,0 0 344
952 344 2,59 0 0,0 0 344
954 344 2,59 0 0,0 0 344
956 344 2,59 0 0,0 0 344
958 344 2,59 0 0,0 0 344
960 344 2,59 0 0,0 0 344
962 344 2,59 0 0,0 0 344
964 344 2,59 0 0,0 0 344
966 344 2,59 0 0,0 0 344
968 344 2,59 0 0,0 0 344
970 344 2,59 0 0,0 0 344
972 344 2,59 0 0,0 0 344
974 344 2,59 0 0,0 0 344
976 344 2,59 0 0,0 0 344
978 344 2,59 0 0,0 0 344
980 344 2,59 0 0,0 0 344
982 344 2,59 0 0,0 0 344
984 344 2,59 0 0,0 0 344
986 344 2,59 0 0,0 0 344
988 344 2,59 0 0,0 0 344
990 344 2,59 0 0,0 0 344
992 344 2,59 0 0,0 0 344
994 344 2,59 0 0,0 0 344
996 344 2,59 0 0,0 0 344
998 344 2,59 0 0,0 0 344
1000 344 2,59 0 0,0 0 344
1002 344 2,59 0 0,0 0 344
1004 344 2,59 0 0,0 0 344
1006 344 2,59 0 0,0 0 344
1008 344 2,59 0 0,0 0 344
1010 344 2,59 0 0,0 0 344
1012 344 2,59 0 0,0 0 344
1014 344 2,59 0 0,0 0 344
1016 344 2,59 0 0,0 0 344
1018 344 2,59 0 0,0 0 344
1020 344 2,59 0 0,0 0 344
1022 344 2,59 0 0,0 0 344
1024 344 2,59 0 0,0 0 344
1026 344 2,59 0 0,0 0 344
1028 344 2,59 0 0,0 0 344
1030 344 2,59 0 0,0 0 344
1032 344 2,59 0 0,0 0 344
1034 344 2,59 0 0,0 0 344
1036 344 2,59 0 0,0 0 344
1038 344 2,59 0 0,0 0 344
1040 344 2,59 0 0,0 0 344
1042 344 2,59 0 0,0 0 344
1044 344 2,59 0 0,0 0 344
1046 344 2,59 0 0,0 0 344
1048 344 2,59 0 0,0 0 344
1050 344 2,59 0 0,0 0 344
1052 344 2,59 0 0,0 0 344
1054 344 2,59 0 0,0 0 344
1056 344 2,59 0 0,0 0 344
1058 344 2,59 0 0,0 0 344
1060 344 2,59 0 0,0 0 344
1062 344 2,59 0 0,0 0 344
1064 344 2,59 0 0,0 0 344
1066 344 2,59 0 0,0 0 344
1068 344 2,59 0 0,0 0 344
1070 344 2,59 0 0,0 0 344
1072 344 2,59 0 0,0 0 344
1074 344 2,59 0 0,0 0 344
1076 343 2,58 0 0,0 1 344
1078 343 2,58 0 0,0 1 343
1080 343 2,58 0 0,0 1 343
1082 343 2,58 0 0,0 1 343
1084 343 2,58 0 0,0 1 343
1086 343 2,58 0 0,0 1 343
1088 343 2,58 0 0,0 1 343
1090 343 2,58 0 0,0 1 343
1092 343 2,58 0 0,0 1 343
1094 343 2,58 0 0,0 1 343
1096 343 2,58 0 0,0 1 343
1098 343 2,58 0 0,0 1 343
1100 343 2,58 0 0,0 1 343
1102 343 2,58 0 0,0 1 343
1104 343 2,58 0 0,0 1 343
1106 343 2,58 0 0,0 1 343
1108 343 2,58 0 0,0 1 343
1110 343 2,58 0 0,0 1 343
1112 343 2,58 0 0,0 1 343
1114 343 2,58 0 0,0 1 343
1116 343 2,58 0 0,0 1 343
1118 343 2,58 0 0,0 1 343
1120 343 2,58 0 0,0 1 343
1122 343 2,58 0 0,0 1 343
1124 343 2,58 0 0,0 1 343
1126 343 2,58 0 0,0 1 343
1128 343 2,58 0 0,0 1 343
1130 343 2,58 0 0,0 1 343
1132 343 2,58 0 0,0 1 343
1134 343 2,58 0 0,0 1 343
1136 343 2,58 0 0,0 1 343
1138 343 2,58 0 0,0 1 343
1140 343 2,58 0 0,0 1 343
1142 343 2,58 0 0,0 1 343
1144 343 2,58 0 0,0 1 343
1146 343 2,58 0 0,0 1 343
1148 343 2,58 0 0,0 1 343
1150 343 2,58 0 0,0 1 343
1152 343 2,58 0 0,0 1 343
1154 343 2,58 0 0,0 1 343
1156 343 2,58 0 0,0 1 343
1158 343 2,58 0 0,0 1 343
1160 343 2,58 0 0,0 1 343
1162 343 2,58 0 0,0 1 343
1164 342 2,57 0 0,0 2 343
1166 342 2,57 0 0,0 2 342
1168 342 2,57 0 0,0 2 342
1170 342 2,57 0 0,0 2 342
1172 342 2,57 0 0,0 2 342
1174 342 2,57 0 0,0 2 342
1176 342 2,57 0 0,0 2 342
1178 342 2,57 0 0,0 2 342
1180 342 2,57 0 0,0 2 342
1182 342 2,57 0 0,0 2 342
1184 342 2,57 0 0,0 2 342
1186 342 2,57 0 0,0 2 342
1188 342 2,57 0 0,0 2 342
1190 342 2,57 0 0,0 2 342
1192 342 2,57 0 0,0 2 342
1194 342 2,57 0 0,0 2 342
1196 342 2,57 0 0,0 2 342
1198 342 2,57 0 0,0 2 342
1200 342 2,57 0 0,0 2 342
1202 342 2,57 0 0,0 2 342
1204 342 2,57 0 0,0 2 342
1206 342 2,57 0 0,0 2 342
1208 342 2,57 0 0,0 2 342
1210 342 2,57 0 0,0 2 342
1212 342 2,57 0 0,0 2 342
1214 342 2,57 0 0,0 2 342
1216 342 2,57 0 0,0 2 342
1218 342 2,57 0 0,0 2 342
1220 342 2,57 0 0,0 2 342
1222 342 2,57 0 0,0 2 342
1224 342 2,57 0 0,0 2 342
1226 342 2,57 0 0,0 2 342
1228 342 2,57 0 0,0 2 342
1230 342 2,57 0 0,0 2 342
1232 342 2,57 0 0,0 2 342
1234 342 2,57 0 0,0 2 342
1236 342 2,57 0 0,0 2 342
1238 342 2,57 0 0,0 2 342
1240 342 2,57 0 0,0 2 342
1242 342 2,57 0 0,0 2 342
1244 342 2,57 0 0,0 2 342
1246 342 2,57 0 0,0 2 342
1248 342 2,57 0 0,0 2 342
1250 342 2,57 0 0,0 2 342
1252 342 2,57 0 0,0 2 342
1254 342 2,57 0 0,0 2 342
1256 342 2,57 0 0,0 2 342
1258 342 2,57 0 0,0 2 342
1260 342 2,57 0 0,0 2 342
1262 342 2,57 0 0,0 2 342
1264 342 2,57 0 0,0 2 342
1266 342 2,57 0 0,0 2 342
1268 342 2,57 0 0,0 2 342
1270 342 2,57 0 0,0 2 342
1272 342 2,57 0 0,0 2 342
1274 341 2,57 0 0,0 3 342
1276 341 2,57 0 0,0 3 341
1278 341 2,57 0 0,0 3 341
1280 341 2,57 0 0,0 3 341
1282 341 2,57 0 0,0 3 341
1284 341 2,57 0 0,0 3 341
1286 341 2,57 0 0,0 3 341
1288 341 2,57 0 0,0 3 341
1290 341 2,57 0 0,0 3 341
1292 341 2,57 0 0,0 3 341
1294 341 2,57 0 0,0 3 341
1296 341 2,57 0 0,0 3 341
1298 341 2,57 0 0,0 3 341
1300 341 2,57 0 0,0 3 341
1302 341 2,57 0 0,0 3 341
1304 341 2,57 0 0,0 3 341
1306 341 2,57 0 0,0 3 341
1308 341 2,57 0 0,0 3 341
1310 341 2,57 0 0,0 3 341
1312 341 2,57 0 0,0 3 341
1314 341 2,57 0 0,0 3 341
1316 341 2,57 0 0,0 3 341
1318 341 2,57 0 0,0 3 341
1320 341 2,57 0 0,0 3 341
1322 341 2,57 0 0,0 3 341
1324 341 2,57 0 0,0 3 341
1326 341 2,57 0 0,0 3 341
1328 341 2,57 0 0,0 3 341
1330 341 2,57 0 0,0 3 341
1332 341 2,57 0 0,0 3 341
1334 341 2,57 0 0,0 3 341
1336 341 2,57 0 0,0 3 341
1338 341 2,57 0 0,0 3 341
1340 341 2,57 0 0,0 3 341
1342 341 2,57 0 0,0 3 341
1344 341 2,57 0 0,0 3 341
1346 341 2,57 0 0,0 3 341
1348 341 2,57 0 0,0 3 341
1350 341 2,57 0 0,0 3 341
1352 341 2,57 0 0,0 3 341
1354 341 2,57 0 0,0 3 341
1356 341 2,57 0 0,0 3 341
1358 341 2,57 0 0,0 3 341
1360 341 2,57 0 0,0 3 341
1362 341 2,57 0 0,0 3 341
1364 341 2,57 0 0,0 3 341
1366 341 2,57 0 0,0 3 341
1368 341 2,57 0 0,0 3 341
1370 341 2,57 0 0,0 3 341
1372 341 2,57 0 0,0 3 341
1374 341 2,57 0 0,0 3 341
1376 341 2,57 0 0,0 3 341
1378 341 2,57 0 0,0 3 341
1380 341 2,57 0 0,0 3 341
1382 341 2,57 0 0,0 3 341
1384 341 2,57 0 0,0 3 341
1386 341 2,57 0 0,0 3 341
1388 341 2,57 0 0,0 3 341
1390 341 2,57 0 0,0 3 341
1392 341 2,57 0 0,0 3 341
1394 341 2,57 0 0,0 3 341
1396 341 2,57 0 0,0 3 341
1398 341 2,57 0 0,0 3 341
1400 341 2,57 0 0,0 3 341
1402 341 2,57 0 0,0 3 341
1404 341 2,57 0 0,0 3 341
1406 341 2,57 0 0,0 3 341
1408 341 2,57 0 0,0 3 341
1410 341 2,57 0 0,0 3 341
1412 341 2,57 0 0,0 3 341
1414 341 2,57 0 0,0 3 341
1416 341 2,57 0 0,0 3 341
1418 341 2,57 0 0,0 3 341
1420 341 2,57 0 0,0 3 341
1422 341 2,57 0 0,0 3 341
1424 341 2,57 0 0,0 3 341
1426 341 2,57 0 0,0 3 341
1428 341 2,57 0 0,0 3 341
1430 341 2,57 0 0,0 3 341
1432 341 2,57 0 0,0 3 341
1434 341 2,57 0 0,0 3 341
1436 341 2,57 0 0,0 3 341
1438 341 2,57 0 0,0 3 341
1440 341 2,57 0 0,0 3 341
