Time PAO1_Count PAO1_Conc Glycerol_Count Glycerol_Conc PAO1_Died bacteria_couldn't_eat
0 43 0.21 57811 2.76 0 0
2 43 0.21 57811 2.76 0 0
4 43 0.21 57795 2.76 0 0
6 43 0.21 57760 2.76 0 0
8 43 0.22 57729 2.75 0 0
10 43 0.22 57695 2.75 0 0
12 43 0.22 57669 2.75 0 0
14 43 0.23 57635 2.75 0 0
16 43 0.23 57606 2.75 0 0
18 43 0.23 57575 2.75 0 0
20 43 0.24 57544 2.74 0 0
22 43 0.24 57496 2.74 0 0
24 43 0.24 57463 2.74 0 0
26 43 0.25 57423 2.74 0 0
28 43 0.25 57384 2.74 0 0
30 43 0.25 57335 2.74 0 0
32 43 0.26 57299 2.73 0 0
34 43 0.26 57254 2.73 0 0
36 43 0.27 57212 2.73 0 0
38 43 0.27 57170 2.73 0 0
40 43 0.27 57124 2.73 0 0
42 43 0.28 57082 2.72 0 0
44 43 0.28 57039 2.72 0 0
46 43 0.29 56995 2.72 0 0
48 43 0.29 56952 2.72 0 0
50 43 0.29 56907 2.72 0 0
52 43 0.3 56864 2.71 0 0
54 43 0.3 56822 2.71 0 0
56 43 0.31 56778 2.71 0 0
58 43 0.31 56735 2.71 0 0
60 43 0.31 56692 2.71 0 0
62 43 0.32 56649 2.7 0 0
64 43 0.32 56606 2.7 0 0
66 43 0.33 56563 2.7 0 0
68 43 0.33 56519 2.7 0 0
70 43 0.33 56476 2.7 0 0
72 43 0.34 56433 2.69 0 0
74 43 0.34 56390 2.69 0 0
76 43 0.35 56345 2.69 0 0
78 43 0.35 56300 2.69 0 0
80 43 0.35 56254 2.68 0 0
82 43 0.36 56209 2.68 0 0
84 43 0.36 56165 2.68 0 0
86 43 0.37 56120 2.68 0 0
88 43 0.37 56075 2.68 0 0
90 43 0.38 56029 2.67 0 0
92 43 0.38 55985 2.67 0 0
94 43 0.38 55941 2.67 0 0
96 43 0.39 55890 2.67 0 0
98 43 0.39 55843 2.67 0 0
100 43 0.4 55794 2.66 0 0
102 45 0.4 55740 2.66 0 0
104 48 0.41 55688 2.66 0 0
106 54 0.41 55632 2.66 0 0
108 66 0.42 55582 2.65 0 0
110 71 0.42 55533 2.65 0 0
112 76 0.43 55480 2.65 0 0
114 81 0.43 55423 2.64 0 0
116 83 0.44 55368 2.64 0 0
118 86 0.44 55306 2.64 0 0
120 86 0.45 55250 2.64 0 0
122 86 0.46 55182 2.63 0 0
124 86 0.46 55107 2.63 0 0
126 86 0.47 55038 2.63 0 0
128 86 0.48 54960 2.62 0 0
130 86 0.48 54884 2.62 0 0
132 86 0.49 54804 2.62 0 0
134 86 0.5 54723 2.61 0 0
136 86 0.51 54642 2.61 0 0
138 86 0.51 54562 2.6 0 0
140 86 0.52 54479 2.6 0 0
142 86 0.53 54393 2.6 0 0
144 86 0.54 54307 2.59 0 0
146 86 0.54 54223 2.59 0 0
148 86 0.55 54134 2.58 0 0
150 86 0.56 54048 2.58 0 0
152 86 0.57 53964 2.58 0 0
154 86 0.58 53876 2.57 0 0
156 86 0.58 53790 2.57 0 0
158 86 0.59 53703 2.56 0 0
160 86 0.6 53617 2.56 0 0
162 86 0.61 53531 2.55 0 0
164 86 0.62 53444 2.55 0 0
166 86 0.63 53359 2.55 0 0
168 86 0.63 53270 2.54 0 0
170 86 0.64 53184 2.54 0 0
172 86 0.65 53097 2.53 0 0
174 86 0.66 53011 2.53 0 0
176 86 0.67 52925 2.53 0 0
178 86 0.67 52839 2.52 0 0
180 86 0.68 52753 2.52 0 0
182 86 0.69 52666 2.51 0 0
184 86 0.7 52580 2.51 0 0
186 86 0.71 52492 2.51 0 0
188 86 0.71 52405 2.5 0 0
190 86 0.72 52315 2.5 0 0
192 86 0.73 52226 2.49 0 0
194 86 0.74 52136 2.49 0 0
196 86 0.75 52047 2.48 0 0
198 86 0.76 51956 2.48 0 0
200 86 0.76 51862 2.48 0 0
202 87 0.77 51764 2.47 0 0
204 90 0.78 51669 2.47 0 0
206 92 0.79 51572 2.46 0 0
208 95 0.8 51470 2.46 0 0
210 104 0.81 51367 2.45 0 0
212 109 0.82 51266 2.45 0 0
214 122 0.83 51161 2.44 0 0
216 131 0.84 51047 2.44 0 0
218 144 0.85 50936 2.43 0 0
220 157 0.86 50820 2.43 0 0
222 163 0.87 50706 2.42 0 0
224 165 0.89 50584 2.41 0 0
226 168 0.9 50459 2.41 0 0
228 170 0.91 50327 2.4 0 0
230 171 0.92 50202 2.4 0 0
232 172 0.93 50061 2.39 0 0
234 172 0.95 49914 2.38 0 0
236 172 0.96 49766 2.38 0 0
238 172 0.98 49614 2.37 0 0
240 172 0.99 49456 2.36 0 0
242 172 1.01 49300 2.35 0 0
244 172 1.02 49144 2.35 0 0
246 172 1.04 48978 2.34 0 0
248 172 1.05 48806 2.33 0 0
250 172 1.07 48639 2.32 0 0
252 172 1.08 48469 2.31 0 0
254 172 1.1 48298 2.31 0 0
256 172 1.11 48123 2.3 0 0
258 172 1.13 47953 2.29 0 0
260 172 1.15 47783 2.28 0 0
262 172 1.16 47609 2.27 0 0
264 172 1.18 47440 2.26 0 0
266 172 1.2 47265 2.26 0 0
268 172 1.21 47093 2.25 0 0
270 172 1.23 46921 2.24 0 0
272 172 1.24 46749 2.23 0 0
274 172 1.26 46577 2.22 0 0
276 172 1.28 46405 2.22 0 0
278 172 1.29 46232 2.21 0 0
280 172 1.31 46059 2.2 0 0
282 172 1.32 45887 2.19 0 0
284 172 1.34 45714 2.18 0 0
286 172 1.36 45541 2.17 0 0
288 172 1.37 45369 2.17 0 0
290 172 1.39 45195 2.16 0 0
292 172 1.4 45019 2.15 0 0
294 172 1.42 44843 2.14 0 0
296 172 1.44 44661 2.13 0 0
298 172 1.45 44482 2.12 0 0
300 172 1.47 44303 2.12 0 0
302 172 1.49 44123 2.11 0 0
304 172 1.5 43940 2.1 0 0
306 174 1.52 43755 2.09 0 0
308 176 1.54 43563 2.08 0 0
310 179 1.56 43374 2.07 0 0
312 185 1.58 43181 2.06 0 0
314 193 1.59 42986 2.05 0 0
316 203 1.61 42783 2.04 0 0
318 221 1.63 42575 2.03 0 0
320 235 1.65 42372 2.02 0 0
322 248 1.67 42159 2.01 0 0
324 271 1.69 41943 2.0 0 0
326 297 1.71 41711 1.99 0 0
328 305 1.74 41478 1.98 0 0
330 326 1.76 41227 1.97 0 0
332 334 1.78 40982 1.96 0 0
334 339 1.81 40711 1.94 0 0
336 341 1.83 40444 1.93 0 0
338 343 1.86 40175 1.92 0 0
340 343 1.89 39897 1.9 0 0
342 343 1.91 39594 1.89 0 0
344 344 1.94 39285 1.88 0 0
346 344 1.97 38978 1.86 0 0
348 344 2.0 38674 1.85 0 0
350 344 2.03 38358 1.83 0 0
352 344 2.06 38033 1.82 0 0
354 344 2.09 37707 1.8 0 0
356 344 2.12 37366 1.78 0 0
358 344 2.15 37033 1.77 0 0
360 344 2.19 36693 1.75 0 0
362 344 2.22 36355 1.74 0 0
364 344 2.25 36012 1.72 0 0
366 344 2.28 35667 1.7 0 0
368 344 2.32 35323 1.69 0 0
370 344 2.35 34977 1.67 0 0
372 344 2.38 34631 1.65 0 0
374 344 2.41 34287 1.64 0 0
376 344 2.45 33944 1.62 0 0
378 344 2.48 33596 1.6 0 0
380 344 2.51 33254 1.59 0 0
382 344 2.54 32906 1.57 0 0
384 344 2.57 32561 1.55 0 0
386 344 2.61 32214 1.54 0 0
388 344 2.64 31867 1.52 0 0
390 344 2.67 31520 1.51 0 0
392 344 2.7 31174 1.49 0 0
394 344 2.74 30828 1.47 0 0
396 344 2.77 30478 1.46 0 0
398 344 2.8 30123 1.44 0 0
400 344 2.83 29771 1.42 0 0
402 344 2.87 29418 1.41 0 0
404 344 2.9 29065 1.39 0 0
406 344 2.93 28707 1.37 0 0
408 344 2.97 28340 1.35 0 0
410 346 3.0 27978 1.34 0 0
412 348 3.03 27613 1.32 0 0
414 353 3.07 27243 1.3 0 0
416 362 3.1 26864 1.28 0 0
418 372 3.14 26485 1.27 0 0
420 386 3.18 26104 1.25 0 0
422 413 3.21 25708 1.23 0 0
424 434 3.25 25303 1.21 0 0
426 469 3.29 24881 1.19 0 0
428 493 3.33 24453 1.17 0 0
430 529 3.37 24002 1.15 0 0
432 563 3.42 23545 1.12 0 0
434 600 3.46 23082 1.1 0 0
436 631 3.51 22594 1.08 0 0
438 651 3.56 22086 1.05 0 0
440 667 3.61 21555 1.03 0 0
442 677 3.66 21032 1.0 0 0
444 681 3.71 20478 0.98 0 0
446 686 3.76 19910 0.95 0 0
448 688 3.81 19337 0.92 0 0
450 688 3.87 18751 0.89 0 0
452 688 3.93 18142 0.86 0 0
454 688 3.99 17511 0.84 0 0
456 688 4.05 16880 0.8 0 0
458 688 4.11 16227 0.77 0 0
460 688 4.17 15576 0.74 0 0
462 688 4.23 14915 0.71 0 0
464 688 4.29 14244 0.68 0 0
466 688 4.36 13574 0.65 0 0
468 688 4.42 12895 0.61 0 0
470 688 4.49 12209 0.58 0 0
472 688 4.55 11529 0.55 0 0
474 688 4.61 10844 0.52 0 0
476 688 4.68 10154 0.48 0 0
478 688 4.74 9463 0.45 0 0
480 688 4.81 8777 0.42 0 0
482 688 4.87 8088 0.39 0 0
484 688 4.94 7400 0.35 0 0
486 688 5.0 6710 0.32 0 0
488 688 5.07 6019 0.29 0 0
490 688 5.13 5329 0.25 0 0
492 688 5.2 4637 0.22 0 2
494 688 5.26 3942 0.19 0 0
496 688 5.33 3253 0.16 0 1
498 688 5.39 2581 0.12 0 22
500 688 5.44 1980 0.09 0 91
502 688 5.5 1426 0.07 0 140
504 688 5.54 940 0.04 0 213
506 688 5.58 522 0.02 0 280
508 688 5.61 208 0.01 0 377
510 688 5.62 50 0.0 0 531
512 688 5.63 1 0.0 0 640
514 688 5.63 0 0.0 0 687
516 688 5.63 0 0.0 0 688
518 688 5.63 0 0.0 0 688
520 688 5.63 0 0.0 0 688
522 688 5.63 0 0.0 0 688
524 688 5.63 0 0.0 0 688
526 688 5.63 0 0.0 0 688
528 688 5.63 0 0.0 0 688
530 688 5.63 0 0.0 0 688
532 688 5.63 0 0.0 0 688
534 688 5.63 0 0.0 0 688
536 688 5.63 0 0.0 0 688
538 688 5.63 0 0.0 0 688
540 688 5.63 0 0.0 0 688
542 688 5.63 0 0.0 0 688
544 688 5.63 0 0.0 0 688
546 688 5.63 0 0.0 0 688
548 688 5.63 0 0.0 0 688
550 688 5.63 0 0.0 0 688
552 688 5.63 0 0.0 0 688
554 688 5.63 0 0.0 0 688
556 688 5.63 0 0.0 0 688
558 688 5.63 0 0.0 0 688
560 688 5.63 0 0.0 0 688
562 688 5.63 0 0.0 0 688
564 688 5.63 0 0.0 0 688
566 688 5.63 0 0.0 0 688
568 688 5.63 0 0.0 0 688
570 688 5.63 0 0.0 0 688
572 688 5.63 0 0.0 0 688
574 688 5.63 0 0.0 0 688
576 688 5.63 0 0.0 0 688
578 688 5.63 0 0.0 0 688
580 688 5.63 0 0.0 0 688
582 688 5.63 0 0.0 0 688
584 688 5.63 0 0.0 0 688
586 688 5.63 0 0.0 0 688
588 688 5.63 0 0.0 0 688
590 688 5.63 0 0.0 0 688
592 688 5.63 0 0.0 0 688
594 688 5.63 0 0.0 0 688
596 688 5.63 0 0.0 0 688
598 688 5.63 0 0.0 0 688
600 688 5.63 0 0.0 0 688
602 688 5.63 0 0.0 0 688
604 688 5.63 0 0.0 0 688
606 688 5.63 0 0.0 0 688
608 688 5.63 0 0.0 0 688
610 688 5.63 0 0.0 0 688
612 688 5.63 0 0.0 0 688
614 688 5.63 0 0.0 0 688
616 688 5.63 0 0.0 0 688
618 688 5.63 0 0.0 0 688
620 688 5.63 0 0.0 0 688
622 688 5.63 0 0.0 0 688
624 688 5.63 0 0.0 0 688
626 688 5.63 0 0.0 0 688
628 688 5.63 0 0.0 0 688
630 688 5.63 0 0.0 0 688
632 688 5.63 0 0.0 0 688
634 688 5.63 0 0.0 0 688
636 688 5.63 0 0.0 0 688
638 688 5.63 0 0.0 0 688
640 688 5.63 0 0.0 0 688
642 688 5.63 0 0.0 0 688
644 688 5.63 0 0.0 0 688
646 688 5.63 0 0.0 0 688
648 688 5.63 0 0.0 0 688
650 688 5.63 0 0.0 0 688
652 688 5.63 0 0.0 0 688
654 688 5.63 0 0.0 0 688
656 688 5.63 0 0.0 0 688
658 688 5.63 0 0.0 0 688
660 688 5.63 0 0.0 0 688
662 688 5.63 0 0.0 0 688
664 688 5.63 0 0.0 0 688
666 688 5.63 0 0.0 0 688
668 688 5.63 0 0.0 0 688
670 688 5.63 0 0.0 0 688
672 688 5.63 0 0.0 0 688
674 688 5.63 0 0.0 0 688
676 688 5.63 0 0.0 0 688
678 688 5.63 0 0.0 0 688
680 688 5.63 0 0.0 0 688
682 688 5.63 0 0.0 0 688
684 688 5.63 0 0.0 0 688
686 688 5.63 0 0.0 0 688
688 688 5.63 0 0.0 0 688
690 688 5.63 0 0.0 0 688
692 688 5.63 0 0.0 0 688
694 688 5.63 0 0.0 0 688
696 688 5.63 0 0.0 0 688
698 688 5.63 0 0.0 0 688
700 688 5.63 0 0.0 0 688
702 688 5.63 0 0.0 0 688
704 688 5.63 0 0.0 0 688
706 688 5.63 0 0.0 0 688
708 688 5.63 0 0.0 0 688
710 688 5.63 0 0.0 0 688
712 688 5.63 0 0.0 0 688
714 688 5.63 0 0.0 0 688
716 688 5.63 0 0.0 0 688
718 688 5.63 0 0.0 0 688
720 688 5.63 0 0.0 0 688
722 688 5.63 0 0.0 0 688
724 688 5.63 0 0.0 0 688
726 688 5.63 0 0.0 0 688
728 688 5.63 0 0.0 0 688
730 688 5.63 0 0.0 0 688
732 688 5.63 0 0.0 0 688
734 688 5.63 0 0.0 0 688
736 688 5.63 0 0.0 0 688
738 688 5.63 0 0.0 0 688
740 688 5.63 0 0.0 0 688
742 688 5.63 0 0.0 0 688
744 688 5.63 0 0.0 0 688
746 688 5.63 0 0.0 0 688
748 688 5.63 0 0.0 0 688
750 688 5.63 0 0.0 0 688
752 688 5.63 0 0.0 0 688
754 688 5.63 0 0.0 0 688
756 688 5.63 0 0.0 0 688
758 688 5.63 0 0.0 0 688
760 688 5.63 0 0.0 0 688
762 688 5.63 0 0.0 0 688
764 688 5.63 0 0.0 0 688
766 688 5.63 0 0.0 0 688
768 688 5.63 0 0.0 0 688
770 688 5.63 0 0.0 0 688
772 688 5.63 0 0.0 0 688
774 688 5.63 0 0.0 0 688
776 688 5.63 0 0.0 0 688
778 688 5.63 0 0.0 0 688
780 688 5.63 0 0.0 0 688
782 688 5.63 0 0.0 0 688
784 688 5.63 0 0.0 0 688
786 688 5.63 0 0.0 0 688
788 688 5.63 0 0.0 0 688
790 688 5.63 0 0.0 0 688
792 688 5.63 0 0.0 0 688
794 688 5.63 0 0.0 0 688
796 688 5.63 0 0.0 0 688
798 688 5.63 0 0.0 0 688
800 688 5.63 0 0.0 0 688
802 688 5.63 0 0.0 0 688
804 688 5.63 0 0.0 0 688
806 688 5.63 0 0.0 0 688
808 688 5.63 0 0.0 0 688
810 688 5.63 0 0.0 0 688
812 688 5.63 0 0.0 0 688
814 688 5.63 0 0.0 0 688
816 688 5.63 0 0.0 0 688
818 688 5.63 0 0.0 0 688
820 688 5.63 0 0.0 0 688
822 688 5.63 0 0.0 0 688
824 688 5.63 0 0.0 0 688
826 688 5.63 0 0.0 0 688
828 688 5.63 0 0.0 0 688
830 688 5.63 0 0.0 0 688
832 688 5.63 0 0.0 0 688
834 688 5.63 0 0.0 0 688
836 688 5.63 0 0.0 0 688
838 688 5.63 0 0.0 0 688
840 688 5.63 0 0.0 0 688
842 688 5.63 0 0.0 0 688
844 688 5.63 0 0.0 0 688
846 688 5.63 0 0.0 0 688
848 688 5.63 0 0.0 0 688
850 688 5.63 0 0.0 0 688
852 688 5.63 0 0.0 0 688
854 688 5.63 0 0.0 0 688
856 688 5.63 0 0.0 0 688
858 688 5.63 0 0.0 0 688
860 688 5.63 0 0.0 0 688
862 688 5.63 0 0.0 0 688
864 688 5.63 0 0.0 0 688
866 688 5.63 0 0.0 0 688
868 688 5.63 0 0.0 0 688
870 688 5.63 0 0.0 0 688
872 688 5.63 0 0.0 0 688
874 688 5.63 0 0.0 0 688
876 688 5.63 0 0.0 0 688
878 688 5.63 0 0.0 0 688
880 688 5.63 0 0.0 0 688
882 688 5.63 0 0.0 0 688
884 688 5.63 0 0.0 0 688
886 688 5.63 0 0.0 0 688
888 688 5.63 0 0.0 0 688
890 688 5.63 0 0.0 0 688
892 688 5.63 0 0.0 0 688
894 688 5.63 0 0.0 0 688
896 688 5.63 0 0.0 0 688
898 688 5.63 0 0.0 0 688
900 688 5.63 0 0.0 0 688
902 688 5.63 0 0.0 0 688
904 688 5.63 0 0.0 0 688
906 688 5.63 0 0.0 0 688
908 688 5.63 0 0.0 0 688
910 688 5.63 0 0.0 0 688
912 688 5.63 0 0.0 0 688
914 688 5.63 0 0.0 0 688
916 688 5.63 0 0.0 0 688
918 688 5.63 0 0.0 0 688
920 688 5.63 0 0.0 0 688
922 688 5.63 0 0.0 0 688
924 688 5.63 0 0.0 0 688
926 688 5.63 0 0.0 0 688
928 688 5.63 0 0.0 0 688
930 688 5.63 0 0.0 0 688
932 688 5.63 0 0.0 0 688
934 688 5.63 0 0.0 0 688
936 688 5.63 0 0.0 0 688
938 688 5.63 0 0.0 0 688
940 688 5.63 0 0.0 0 688
942 688 5.63 0 0.0 0 688
944 688 5.63 0 0.0 0 688
946 688 5.63 0 0.0 0 688
948 688 5.63 0 0.0 0 688
950 688 5.63 0 0.0 0 688
952 688 5.63 0 0.0 0 688
954 688 5.63 0 0.0 0 688
956 688 5.63 0 0.0 0 688
958 688 5.63 0 0.0 0 688
960 688 5.63 0 0.0 0 688
962 688 5.63 0 0.0 0 688
964 688 5.63 0 0.0 0 688
966 688 5.63 0 0.0 0 688
968 688 5.63 0 0.0 0 688
970 688 5.63 0 0.0 0 688
972 688 5.63 0 0.0 0 688
974 688 5.63 0 0.0 0 688
976 688 5.63 0 0.0 0 688
978 688 5.63 0 0.0 0 688
980 688 5.63 0 0.0 0 688
982 688 5.63 0 0.0 0 688
984 688 5.63 0 0.0 0 688
986 688 5.63 0 0.0 0 688
988 688 5.63 0 0.0 0 688
990 688 5.63 0 0.0 0 688
992 688 5.63 0 0.0 0 688
994 688 5.63 0 0.0 0 688
996 688 5.63 0 0.0 0 688
998 688 5.63 0 0.0 0 688
1000 688 5.63 0 0.0 0 688
1002 688 5.63 0 0.0 0 688
1004 688 5.63 0 0.0 0 688
1006 688 5.63 0 0.0 0 688
1008 688 5.63 0 0.0 0 688
1010 688 5.63 0 0.0 0 688
1012 688 5.63 0 0.0 0 688
1014 688 5.63 0 0.0 0 688
1016 688 5.63 0 0.0 0 688
1018 688 5.63 0 0.0 0 688
1020 688 5.63 0 0.0 0 688
1022 688 5.63 0 0.0 0 688
1024 688 5.63 0 0.0 0 688
1026 688 5.63 0 0.0 0 688
1028 688 5.63 0 0.0 0 688
1030 688 5.63 0 0.0 0 688
1032 688 5.63 0 0.0 0 688
1034 688 5.63 0 0.0 0 688
1036 688 5.63 0 0.0 0 688
1038 688 5.63 0 0.0 0 688
1040 688 5.63 0 0.0 0 688
1042 688 5.63 0 0.0 0 688
1044 688 5.63 0 0.0 0 688
1046 688 5.63 0 0.0 0 688
1048 688 5.63 0 0.0 0 688
1050 688 5.63 0 0.0 0 688
1052 688 5.63 0 0.0 0 688
1054 688 5.63 0 0.0 0 688
1056 688 5.63 0 0.0 0 688
1058 688 5.63 0 0.0 0 688
1060 688 5.63 0 0.0 0 688
1062 688 5.63 0 0.0 0 688
1064 688 5.63 0 0.0 0 688
1066 688 5.63 0 0.0 0 688
1068 688 5.63 0 0.0 0 688
1070 688 5.63 0 0.0 0 688
1072 688 5.63 0 0.0 0 688
1074 688 5.63 0 0.0 0 688
1076 688 5.63 0 0.0 0 688
1078 688 5.63 0 0.0 0 688
1080 688 5.63 0 0.0 0 688
1082 688 5.63 0 0.0 0 688
1084 688 5.63 0 0.0 0 688
1086 688 5.63 0 0.0 0 688
1088 688 5.63 0 0.0 0 688
1090 688 5.63 0 0.0 0 688
1092 688 5.63 0 0.0 0 688
1094 688 5.63 0 0.0 0 688
1096 688 5.63 0 0.0 0 688
1098 688 5.63 0 0.0 0 688
1100 688 5.63 0 0.0 0 688
1102 688 5.63 0 0.0 0 688
1104 688 5.63 0 0.0 0 688
1106 688 5.63 0 0.0 0 688
1108 688 5.63 0 0.0 0 688
1110 688 5.63 0 0.0 0 688
1112 688 5.63 0 0.0 0 688
1114 688 5.63 0 0.0 0 688
1116 688 5.63 0 0.0 0 688
1118 688 5.63 0 0.0 0 688
1120 688 5.63 0 0.0 0 688
1122 688 5.63 0 0.0 0 688
1124 688 5.63 0 0.0 0 688
1126 688 5.63 0 0.0 0 688
1128 688 5.63 0 0.0 0 688
1130 688 5.63 0 0.0 0 688
1132 688 5.63 0 0.0 0 688
1134 688 5.63 0 0.0 0 688
1136 688 5.63 0 0.0 0 688
1138 688 5.63 0 0.0 0 688
1140 688 5.63 0 0.0 0 688
1142 688 5.63 0 0.0 0 688
1144 688 5.63 0 0.0 0 688
1146 688 5.63 0 0.0 0 688
1148 688 5.63 0 0.0 0 688
1150 688 5.63 0 0.0 0 688
1152 688 5.63 0 0.0 0 688
1154 688 5.63 0 0.0 0 688
1156 688 5.63 0 0.0 0 688
1158 688 5.63 0 0.0 0 688
1160 688 5.63 0 0.0 0 688
1162 688 5.63 0 0.0 0 688
1164 688 5.63 0 0.0 0 688
1166 688 5.63 0 0.0 0 688
1168 688 5.63 0 0.0 0 688
1170 688 5.63 0 0.0 0 688
1172 688 5.63 0 0.0 0 688
1174 688 5.63 0 0.0 0 688
1176 688 5.63 0 0.0 0 688
1178 688 5.63 0 0.0 0 688
1180 688 5.63 0 0.0 0 688
1182 688 5.63 0 0.0 0 688
1184 688 5.63 0 0.0 0 688
1186 688 5.63 0 0.0 0 688
1188 688 5.63 0 0.0 0 688
1190 688 5.63 0 0.0 0 688
1192 688 5.63 0 0.0 0 688
1194 688 5.63 0 0.0 0 688
1196 688 5.63 0 0.0 0 688
1198 688 5.63 0 0.0 0 688
1200 688 5.63 0 0.0 0 688
1202 688 5.63 0 0.0 0 688
1204 688 5.63 0 0.0 0 688
1206 688 5.63 0 0.0 0 688
1208 688 5.63 0 0.0 0 688
1210 688 5.63 0 0.0 0 688
1212 688 5.63 0 0.0 0 688
1214 688 5.63 0 0.0 0 688
1216 688 5.63 0 0.0 0 688
1218 688 5.63 0 0.0 0 688
1220 688 5.63 0 0.0 0 688
1222 688 5.63 0 0.0 0 688
1224 688 5.63 0 0.0 0 688
1226 688 5.63 0 0.0 0 688
1228 688 5.63 0 0.0 0 688
1230 688 5.63 0 0.0 0 688
1232 688 5.63 0 0.0 0 688
1234 688 5.63 0 0.0 0 688
1236 688 5.63 0 0.0 0 688
1238 688 5.63 0 0.0 0 688
1240 688 5.63 0 0.0 0 688
1242 688 5.63 0 0.0 0 688
1244 688 5.63 0 0.0 0 688
1246 688 5.63 0 0.0 0 688
1248 688 5.63 0 0.0 0 688
1250 688 5.63 0 0.0 0 688
1252 688 5.63 0 0.0 0 688
1254 688 5.63 0 0.0 0 688
1256 688 5.63 0 0.0 0 688
1258 688 5.63 0 0.0 0 688
1260 688 5.63 0 0.0 0 688
1262 688 5.63 0 0.0 0 688
1264 688 5.63 0 0.0 0 688
1266 688 5.63 0 0.0 0 688
1268 688 5.63 0 0.0 0 688
1270 688 5.63 0 0.0 0 688
1272 688 5.63 0 0.0 0 688
1274 688 5.63 0 0.0 0 688
1276 688 5.63 0 0.0 0 688
1278 688 5.63 0 0.0 0 688
1280 688 5.63 0 0.0 0 688
1282 688 5.63 0 0.0 0 688
1284 688 5.63 0 0.0 0 688
1286 688 5.63 0 0.0 0 688
1288 688 5.63 0 0.0 0 688
1290 688 5.63 0 0.0 0 688
1292 688 5.63 0 0.0 0 688
1294 688 5.63 0 0.0 0 688
1296 688 5.63 0 0.0 0 688
1298 688 5.63 0 0.0 0 688
1300 688 5.63 0 0.0 0 688
1302 688 5.63 0 0.0 0 688
1304 688 5.63 0 0.0 0 688
1306 688 5.63 0 0.0 0 688
1308 688 5.63 0 0.0 0 688
1310 688 5.63 0 0.0 0 688
1312 688 5.63 0 0.0 0 688
1314 688 5.63 0 0.0 0 688
1316 688 5.63 0 0.0 0 688
1318 688 5.63 0 0.0 0 688
1320 688 5.63 0 0.0 0 688
1322 688 5.63 0 0.0 0 688
1324 688 5.63 0 0.0 0 688
1326 688 5.63 0 0.0 0 688
1328 688 5.63 0 0.0 0 688
1330 688 5.63 0 0.0 0 688
1332 688 5.63 0 0.0 0 688
1334 688 5.63 0 0.0 0 688
1336 688 5.63 0 0.0 0 688
1338 688 5.63 0 0.0 0 688
1340 688 5.63 0 0.0 0 688
1342 688 5.63 0 0.0 0 688
1344 688 5.63 0 0.0 0 688
1346 688 5.63 0 0.0 0 688
1348 688 5.63 0 0.0 0 688
1350 688 5.63 0 0.0 0 688
1352 688 5.63 0 0.0 0 688
1354 688 5.63 0 0.0 0 688
1356 688 5.63 0 0.0 0 688
1358 688 5.63 0 0.0 0 688
1360 688 5.63 0 0.0 0 688
1362 688 5.63 0 0.0 0 688
1364 688 5.63 0 0.0 0 688
1366 688 5.63 0 0.0 0 688
1368 688 5.63 0 0.0 0 688
1370 688 5.63 0 0.0 0 688
1372 688 5.63 0 0.0 0 688
1374 688 5.63 0 0.0 0 688
1376 688 5.63 0 0.0 0 688
1378 688 5.63 0 0.0 0 688
1380 688 5.63 0 0.0 0 688
1382 688 5.63 0 0.0 0 688
1384 688 5.63 0 0.0 0 688
1386 688 5.63 0 0.0 0 688
1388 688 5.63 0 0.0 0 688
1390 688 5.63 0 0.0 0 688
1392 688 5.63 0 0.0 0 688
1394 688 5.63 0 0.0 0 688
1396 688 5.63 0 0.0 0 688
1398 688 5.63 0 0.0 0 688
1400 688 5.63 0 0.0 0 688
1402 688 5.63 0 0.0 0 688
1404 688 5.63 0 0.0 0 688
1406 688 5.63 0 0.0 0 688
1408 688 5.63 0 0.0 0 688
1410 688 5.63 0 0.0 0 688
1412 688 5.63 0 0.0 0 688
1414 688 5.63 0 0.0 0 688
1416 688 5.63 0 0.0 0 688
1418 688 5.63 0 0.0 0 688
1420 688 5.63 0 0.0 0 688
1422 688 5.63 0 0.0 0 688
1424 688 5.63 0 0.0 0 688
1426 688 5.63 0 0.0 0 688
1428 688 5.63 0 0.0 0 688
1430 688 5.63 0 0.0 0 688
1432 688 5.63 0 0.0 0 688
1434 688 5.63 0 0.0 0 688
1436 688 5.63 0 0.0 0 688
1438 688 5.63 0 0.0 0 688
1440 688 5.63 0 0.0 0 688
