Time PAO1_Count PAO1_Conc Glycerol_Count Glycerol_Conc PAO1_Died bacteria_couldn't_eat
0 43 0.21 57811 2.76 0 0
2 43 0.21 57811 2.76 0 0
4 86 0.43 56068 2.68 0 0
6 172 0.9 52433 2.5 0 0
8 344 1.86 44823 2.14 0 0
10 652 3.72 30211 1.44 0 5
12 1014 6.05 11918 0.57 0 193
14 1164 7.34 1508 0.07 0 587
16 1168 7.5 15 0.0 0 887
18 1168 7.5 0 0.0 0 1154
20 1168 7.5 0 0.0 0 1168
22 1168 7.5 0 0.0 0 1168
24 1168 7.5 0 0.0 0 1168
26 1168 7.5 0 0.0 0 1168
28 1168 7.5 0 0.0 0 1168
30 1168 7.5 0 0.0 0 1168
32 1168 7.5 0 0.0 0 1168
34 1168 7.5 0 0.0 0 1168
36 1168 7.5 0 0.0 0 1168
38 1168 7.5 0 0.0 0 1168
40 1168 7.5 0 0.0 0 1168
42 1168 7.5 0 0.0 0 1168
44 1168 7.5 0 0.0 0 1168
46 1168 7.5 0 0.0 0 1168
48 1168 7.5 0 0.0 0 1168
50 1168 7.5 0 0.0 0 1168
52 1168 7.5 0 0.0 0 1168
54 1168 7.5 0 0.0 0 1168
56 1168 7.5 0 0.0 0 1168
58 1168 7.5 0 0.0 0 1168
60 1168 7.5 0 0.0 0 1168
62 1168 7.5 0 0.0 0 1168
64 1168 7.5 0 0.0 0 1168
66 1168 7.5 0 0.0 0 1168
68 1168 7.5 0 0.0 0 1168
70 1168 7.5 0 0.0 0 1168
72 1168 7.5 0 0.0 0 1168
74 1168 7.5 0 0.0 0 1168
76 1168 7.5 0 0.0 0 1168
78 1168 7.5 0 0.0 0 1168
80 1168 7.5 0 0.0 0 1168
82 1168 7.5 0 0.0 0 1168
84 1168 7.5 0 0.0 0 1168
86 1168 7.5 0 0.0 0 1168
88 1168 7.5 0 0.0 0 1168
90 1168 7.5 0 0.0 0 1168
92 1168 7.5 0 0.0 0 1168
94 1168 7.5 0 0.0 0 1168
96 1168 7.5 0 0.0 0 1168
98 1168 7.5 0 0.0 0 1168
100 1168 7.5 0 0.0 0 1168
102 1168 7.5 0 0.0 0 1168
104 1168 7.5 0 0.0 0 1168
106 1168 7.5 0 0.0 0 1168
108 1168 7.5 0 0.0 0 1168
110 1168 7.5 0 0.0 0 1168
112 1168 7.5 0 0.0 0 1168
114 1168 7.5 0 0.0 0 1168
116 1168 7.5 0 0.0 0 1168
118 1168 7.5 0 0.0 0 1168
120 1168 7.5 0 0.0 0 1168
122 1168 7.5 0 0.0 0 1168
124 1168 7.5 0 0.0 0 1168
126 1168 7.5 0 0.0 0 1168
128 1168 7.5 0 0.0 0 1168
130 1168 7.5 0 0.0 0 1168
132 1168 7.5 0 0.0 0 1168
134 1168 7.5 0 0.0 0 1168
136 1168 7.5 0 0.0 0 1168
138 1168 7.5 0 0.0 0 1168
140 1168 7.5 0 0.0 0 1168
142 1168 7.5 0 0.0 0 1168
144 1168 7.5 0 0.0 0 1168
146 1168 7.5 0 0.0 0 1168
148 1168 7.5 0 0.0 0 1168
150 1168 7.5 0 0.0 0 1168
152 1168 7.5 0 0.0 0 1168
154 1168 7.5 0 0.0 0 1168
156 1168 7.5 0 0.0 0 1168
158 1168 7.5 0 0.0 0 1168
160 1168 7.5 0 0.0 0 1168
162 1168 7.5 0 0.0 0 1168
164 1168 7.5 0 0.0 0 1168
166 1168 7.5 0 0.0 0 1168
168 1168 7.5 0 0.0 0 1168
170 1168 7.5 0 0.0 0 1168
172 1168 7.5 0 0.0 0 1168
174 1168 7.5 0 0.0 0 1168
176 1168 7.5 0 0.0 0 1168
178 1168 7.5 0 0.0 0 1168
180 1168 7.5 0 0.0 0 1168
182 1168 7.5 0 0.0 0 1168
184 1168 7.5 0 0.0 0 1168
186 1168 7.5 0 0.0 0 1168
188 1168 7.5 0 0.0 0 1168
190 1168 7.5 0 0.0 0 1168
192 1168 7.5 0 0.0 0 1168
194 1168 7.5 0 0.0 0 1168
196 1168 7.5 0 0.0 0 1168
198 1168 7.5 0 0.0 0 1168
200 1168 7.5 0 0.0 0 1168
202 1168 7.5 0 0.0 0 1168
204 1168 7.5 0 0.0 0 1168
206 1168 7.5 0 0.0 0 1168
208 1168 7.5 0 0.0 0 1168
210 1168 7.5 0 0.0 0 1168
212 1168 7.5 0 0.0 0 1168
214 1168 7.5 0 0.0 0 1168
216 1168 7.5 0 0.0 0 1168
218 1168 7.5 0 0.0 0 1168
220 1168 7.5 0 0.0 0 1168
222 1168 7.5 0 0.0 0 1168
224 1168 7.5 0 0.0 0 1168
226 1168 7.5 0 0.0 0 1168
228 1168 7.5 0 0.0 0 1168
230 1168 7.5 0 0.0 0 1168
232 1168 7.5 0 0.0 0 1168
234 1168 7.5 0 0.0 0 1168
236 1168 7.5 0 0.0 0 1168
238 1168 7.5 0 0.0 0 1168
240 1168 7.5 0 0.0 0 1168
242 1168 7.5 0 0.0 0 1168
244 1168 7.5 0 0.0 0 1168
246 1168 7.5 0 0.0 0 1168
248 1168 7.5 0 0.0 0 1168
250 1168 7.5 0 0.0 0 1168
252 1168 7.5 0 0.0 0 1168
254 1168 7.5 0 0.0 0 1168
256 1168 7.5 0 0.0 0 1168
258 1168 7.5 0 0.0 0 1168
260 1168 7.5 0 0.0 0 1168
262 1168 7.5 0 0.0 0 1168
264 1168 7.5 0 0.0 0 1168
266 1168 7.5 0 0.0 0 1168
268 1168 7.5 0 0.0 0 1168
270 1168 7.5 0 0.0 0 1168
272 1168 7.5 0 0.0 0 1168
274 1168 7.5 0 0.0 0 1168
276 1168 7.5 0 0.0 0 1168
278 1168 7.5 0 0.0 0 1168
280 1168 7.5 0 0.0 0 1168
282 1168 7.5 0 0.0 0 1168
284 1168 7.5 0 0.0 0 1168
286 1168 7.5 0 0.0 0 1168
288 1168 7.5 0 0.0 0 1168
290 1168 7.5 0 0.0 0 1168
292 1168 7.5 0 0.0 0 1168
294 1168 7.5 0 0.0 0 1168
296 1168 7.5 0 0.0 0 1168
298 1168 7.5 0 0.0 0 1168
300 1168 7.5 0 0.0 0 1168
302 1168 7.5 0 0.0 0 1168
304 1168 7.5 0 0.0 0 1168
306 1168 7.5 0 0.0 0 1168
308 1168 7.5 0 0.0 0 1168
310 1168 7.5 0 0.0 0 1168
312 1168 7.5 0 0.0 0 1168
314 1168 7.5 0 0.0 0 1168
316 1168 7.5 0 0.0 0 1168
318 1168 7.5 0 0.0 0 1168
320 1168 7.5 0 0.0 0 1168
322 1168 7.5 0 0.0 0 1168
324 1168 7.5 0 0.0 0 1168
326 1168 7.5 0 0.0 0 1168
328 1168 7.5 0 0.0 0 1168
330 1168 7.5 0 0.0 0 1168
332 1168 7.5 0 0.0 0 1168
334 1168 7.5 0 0.0 0 1168
336 1168 7.5 0 0.0 0 1168
338 1168 7.5 0 0.0 0 1168
340 1168 7.5 0 0.0 0 1168
342 1168 7.5 0 0.0 0 1168
344 1168 7.5 0 0.0 0 1168
346 1168 7.5 0 0.0 0 1168
348 1168 7.5 0 0.0 0 1168
350 1168 7.5 0 0.0 0 1168
352 1168 7.5 0 0.0 0 1168
354 1168 7.5 0 0.0 0 1168
356 1168 7.5 0 0.0 0 1168
358 1168 7.5 0 0.0 0 1168
360 1168 7.5 0 0.0 0 1168
362 1168 7.5 0 0.0 0 1168
364 1168 7.5 0 0.0 0 1168
366 1168 7.5 0 0.0 0 1168
368 1168 7.5 0 0.0 0 1168
370 1168 7.5 0 0.0 0 1168
372 1168 7.5 0 0.0 0 1168
374 1168 7.5 0 0.0 0 1168
376 1168 7.5 0 0.0 0 1168
378 1168 7.5 0 0.0 0 1168
380 1168 7.5 0 0.0 0 1168
382 1168 7.5 0 0.0 0 1168
384 1168 7.5 0 0.0 0 1168
386 1168 7.5 0 0.0 0 1168
388 1168 7.5 0 0.0 0 1168
390 1168 7.5 0 0.0 0 1168
392 1168 7.5 0 0.0 0 1168
394 1168 7.5 0 0.0 0 1168
396 1168 7.5 0 0.0 0 1168
398 1168 7.5 0 0.0 0 1168
400 1168 7.5 0 0.0 0 1168
402 1168 7.5 0 0.0 0 1168
404 1168 7.5 0 0.0 0 1168
406 1168 7.5 0 0.0 0 1168
408 1168 7.5 0 0.0 0 1168
410 1168 7.5 0 0.0 0 1168
412 1168 7.5 0 0.0 0 1168
414 1168 7.5 0 0.0 0 1168
416 1168 7.5 0 0.0 0 1168
418 1168 7.5 0 0.0 0 1168
420 1168 7.5 0 0.0 0 1168
422 1168 7.5 0 0.0 0 1168
424 1168 7.5 0 0.0 0 1168
426 1168 7.5 0 0.0 0 1168
428 1168 7.5 0 0.0 0 1168
430 1168 7.5 0 0.0 0 1168
432 1168 7.5 0 0.0 0 1168
434 1168 7.5 0 0.0 0 1168
436 1168 7.5 0 0.0 0 1168
438 1168 7.5 0 0.0 0 1168
440 1168 7.5 0 0.0 0 1168
442 1168 7.5 0 0.0 0 1168
444 1168 7.5 0 0.0 0 1168
446 1168 7.5 0 0.0 0 1168
448 1168 7.5 0 0.0 0 1168
450 1168 7.5 0 0.0 0 1168
452 1168 7.5 0 0.0 0 1168
454 1168 7.5 0 0.0 0 1168
456 1168 7.5 0 0.0 0 1168
458 1168 7.5 0 0.0 0 1168
460 1168 7.5 0 0.0 0 1168
462 1168 7.5 0 0.0 0 1168
464 1168 7.5 0 0.0 0 1168
466 1168 7.5 0 0.0 0 1168
468 1168 7.5 0 0.0 0 1168
470 1168 7.5 0 0.0 0 1168
472 1168 7.5 0 0.0 0 1168
474 1168 7.5 0 0.0 0 1168
476 1168 7.5 0 0.0 0 1168
478 1168 7.5 0 0.0 0 1168
480 1168 7.5 0 0.0 0 1168
482 1168 7.5 0 0.0 0 1168
484 1168 7.5 0 0.0 0 1168
486 1168 7.5 0 0.0 0 1168
488 1168 7.5 0 0.0 0 1168
490 1168 7.5 0 0.0 0 1168
492 1168 7.5 0 0.0 0 1168
494 1168 7.5 0 0.0 0 1168
496 1168 7.5 0 0.0 0 1168
498 1168 7.5 0 0.0 0 1168
500 1168 7.5 0 0.0 0 1168
502 1168 7.5 0 0.0 0 1168
504 1168 7.5 0 0.0 0 1168
506 1168 7.5 0 0.0 0 1168
508 1168 7.5 0 0.0 0 1168
510 1168 7.5 0 0.0 0 1168
512 1168 7.5 0 0.0 0 1168
514 1168 7.5 0 0.0 0 1168
516 1168 7.5 0 0.0 0 1168
518 1168 7.5 0 0.0 0 1168
520 1168 7.5 0 0.0 0 1168
522 1168 7.5 0 0.0 0 1168
524 1168 7.5 0 0.0 0 1168
526 1168 7.5 0 0.0 0 1168
528 1168 7.5 0 0.0 0 1168
530 1168 7.5 0 0.0 0 1168
532 1168 7.5 0 0.0 0 1168
534 1168 7.5 0 0.0 0 1168
536 1168 7.5 0 0.0 0 1168
538 1168 7.5 0 0.0 0 1168
540 1168 7.5 0 0.0 0 1168
542 1168 7.5 0 0.0 0 1168
544 1168 7.5 0 0.0 0 1168
546 1168 7.5 0 0.0 0 1168
548 1168 7.5 0 0.0 0 1168
550 1168 7.5 0 0.0 0 1168
552 1168 7.5 0 0.0 0 1168
554 1168 7.5 0 0.0 0 1168
556 1168 7.5 0 0.0 0 1168
558 1168 7.5 0 0.0 0 1168
560 1168 7.5 0 0.0 0 1168
562 1168 7.5 0 0.0 0 1168
564 1168 7.5 0 0.0 0 1168
566 1168 7.5 0 0.0 0 1168
568 1168 7.5 0 0.0 0 1168
570 1168 7.5 0 0.0 0 1168
572 1168 7.5 0 0.0 0 1168
574 1168 7.5 0 0.0 0 1168
576 1168 7.5 0 0.0 0 1168
578 1168 7.5 0 0.0 0 1168
580 1168 7.5 0 0.0 0 1168
582 1168 7.5 0 0.0 0 1168
584 1168 7.5 0 0.0 0 1168
586 1168 7.5 0 0.0 0 1168
588 1168 7.5 0 0.0 0 1168
590 1168 7.5 0 0.0 0 1168
592 1168 7.5 0 0.0 0 1168
594 1168 7.5 0 0.0 0 1168
596 1168 7.5 0 0.0 0 1168
598 1168 7.5 0 0.0 0 1168
600 1168 7.5 0 0.0 0 1168
602 1168 7.5 0 0.0 0 1168
604 1168 7.5 0 0.0 0 1168
606 1168 7.5 0 0.0 0 1168
608 1168 7.5 0 0.0 0 1168
610 1168 7.5 0 0.0 0 1168
612 1168 7.5 0 0.0 0 1168
614 1168 7.5 0 0.0 0 1168
616 1168 7.5 0 0.0 0 1168
618 1168 7.5 0 0.0 0 1168
620 1168 7.5 0 0.0 0 1168
622 1168 7.5 0 0.0 0 1168
624 1168 7.5 0 0.0 0 1168
626 1168 7.5 0 0.0 0 1168
628 1168 7.5 0 0.0 0 1168
630 1168 7.5 0 0.0 0 1168
632 1168 7.5 0 0.0 0 1168
634 1168 7.5 0 0.0 0 1168
636 1168 7.5 0 0.0 0 1168
638 1168 7.5 0 0.0 0 1168
640 1168 7.5 0 0.0 0 1168
642 1168 7.5 0 0.0 0 1168
644 1168 7.5 0 0.0 0 1168
646 1168 7.5 0 0.0 0 1168
648 1168 7.5 0 0.0 0 1168
650 1168 7.5 0 0.0 0 1168
652 1168 7.5 0 0.0 0 1168
654 1168 7.5 0 0.0 0 1168
656 1168 7.5 0 0.0 0 1168
658 1168 7.5 0 0.0 0 1168
660 1168 7.5 0 0.0 0 1168
662 1168 7.5 0 0.0 0 1168
664 1168 7.5 0 0.0 0 1168
666 1168 7.5 0 0.0 0 1168
668 1168 7.5 0 0.0 0 1168
670 1168 7.5 0 0.0 0 1168
672 1168 7.5 0 0.0 0 1168
674 1168 7.5 0 0.0 0 1168
676 1168 7.5 0 0.0 0 1168
678 1168 7.5 0 0.0 0 1168
680 1168 7.5 0 0.0 0 1168
682 1168 7.5 0 0.0 0 1168
684 1168 7.5 0 0.0 0 1168
686 1168 7.5 0 0.0 0 1168
688 1168 7.5 0 0.0 0 1168
690 1168 7.5 0 0.0 0 1168
692 1168 7.5 0 0.0 0 1168
694 1168 7.5 0 0.0 0 1168
696 1168 7.5 0 0.0 0 1168
698 1168 7.5 0 0.0 0 1168
700 1168 7.5 0 0.0 0 1168
702 1168 7.5 0 0.0 0 1168
704 1168 7.5 0 0.0 0 1168
706 1168 7.5 0 0.0 0 1168
708 1168 7.5 0 0.0 0 1168
710 1168 7.5 0 0.0 0 1168
712 1168 7.5 0 0.0 0 1168
714 1168 7.5 0 0.0 0 1168
716 1168 7.5 0 0.0 0 1168
718 1168 7.5 0 0.0 0 1168
720 1168 7.5 0 0.0 0 1168
722 1168 7.5 0 0.0 0 1168
724 1168 7.5 0 0.0 0 1168
726 1168 7.5 0 0.0 0 1168
728 1168 7.5 0 0.0 0 1168
730 1168 7.5 0 0.0 0 1168
732 1168 7.5 0 0.0 0 1168
734 1168 7.5 0 0.0 0 1168
736 1168 7.5 0 0.0 0 1168
738 1168 7.5 0 0.0 0 1168
740 1168 7.5 0 0.0 0 1168
742 1168 7.5 0 0.0 0 1168
744 1168 7.5 0 0.0 0 1168
746 1168 7.5 0 0.0 0 1168
748 1168 7.5 0 0.0 0 1168
750 1168 7.5 0 0.0 0 1168
752 1168 7.5 0 0.0 0 1168
754 1168 7.5 0 0.0 0 1168
756 1168 7.5 0 0.0 0 1168
758 1168 7.5 0 0.0 0 1168
760 1168 7.5 0 0.0 0 1168
762 1168 7.5 0 0.0 0 1168
764 1168 7.5 0 0.0 0 1168
766 1168 7.5 0 0.0 0 1168
768 1168 7.5 0 0.0 0 1168
770 1168 7.5 0 0.0 0 1168
772 1168 7.5 0 0.0 0 1168
774 1168 7.5 0 0.0 0 1168
776 1168 7.5 0 0.0 0 1168
778 1168 7.5 0 0.0 0 1168
780 1168 7.5 0 0.0 0 1168
782 1168 7.5 0 0.0 0 1168
784 1168 7.5 0 0.0 0 1168
786 1168 7.5 0 0.0 0 1168
788 1168 7.5 0 0.0 0 1168
790 1168 7.5 0 0.0 0 1168
792 1168 7.5 0 0.0 0 1168
794 1168 7.5 0 0.0 0 1168
796 1168 7.5 0 0.0 0 1168
798 1168 7.5 0 0.0 0 1168
800 1168 7.5 0 0.0 0 1168
802 1168 7.5 0 0.0 0 1168
804 1168 7.5 0 0.0 0 1168
806 1168 7.5 0 0.0 0 1168
808 1168 7.5 0 0.0 0 1168
810 1168 7.5 0 0.0 0 1168
812 1168 7.5 0 0.0 0 1168
814 1168 7.5 0 0.0 0 1168
816 1168 7.5 0 0.0 0 1168
818 1168 7.5 0 0.0 0 1168
820 1168 7.5 0 0.0 0 1168
822 1168 7.5 0 0.0 0 1168
824 1168 7.5 0 0.0 0 1168
826 1168 7.5 0 0.0 0 1168
828 1168 7.5 0 0.0 0 1168
830 1168 7.5 0 0.0 0 1168
832 1168 7.5 0 0.0 0 1168
834 1168 7.5 0 0.0 0 1168
836 1168 7.5 0 0.0 0 1168
838 1168 7.5 0 0.0 0 1168
840 1168 7.5 0 0.0 0 1168
842 1168 7.5 0 0.0 0 1168
844 1168 7.5 0 0.0 0 1168
846 1168 7.5 0 0.0 0 1168
848 1168 7.5 0 0.0 0 1168
850 1168 7.5 0 0.0 0 1168
852 1168 7.5 0 0.0 0 1168
854 1168 7.5 0 0.0 0 1168
856 1168 7.5 0 0.0 0 1168
858 1168 7.5 0 0.0 0 1168
860 1168 7.5 0 0.0 0 1168
862 1168 7.5 0 0.0 0 1168
864 1168 7.5 0 0.0 0 1168
866 1168 7.5 0 0.0 0 1168
868 1168 7.5 0 0.0 0 1168
870 1168 7.5 0 0.0 0 1168
872 1168 7.5 0 0.0 0 1168
874 1168 7.5 0 0.0 0 1168
876 1168 7.5 0 0.0 0 1168
878 1168 7.5 0 0.0 0 1168
880 1168 7.5 0 0.0 0 1168
882 1168 7.5 0 0.0 0 1168
884 1168 7.5 0 0.0 0 1168
886 1168 7.5 0 0.0 0 1168
888 1168 7.5 0 0.0 0 1168
890 1168 7.5 0 0.0 0 1168
892 1168 7.5 0 0.0 0 1168
894 1168 7.5 0 0.0 0 1168
896 1168 7.5 0 0.0 0 1168
898 1168 7.5 0 0.0 0 1168
900 1168 7.5 0 0.0 0 1168
902 1168 7.5 0 0.0 0 1168
904 1168 7.5 0 0.0 0 1168
906 1168 7.5 0 0.0 0 1168
908 1168 7.5 0 0.0 0 1168
910 1168 7.5 0 0.0 0 1168
912 1168 7.5 0 0.0 0 1168
914 1168 7.5 0 0.0 0 1168
916 1168 7.5 0 0.0 0 1168
918 1168 7.5 0 0.0 0 1168
920 1168 7.5 0 0.0 0 1168
922 1168 7.5 0 0.0 0 1168
924 1168 7.5 0 0.0 0 1168
926 1168 7.5 0 0.0 0 1168
928 1168 7.5 0 0.0 0 1168
930 1168 7.5 0 0.0 0 1168
932 1168 7.5 0 0.0 0 1168
934 1168 7.5 0 0.0 0 1168
936 1168 7.5 0 0.0 0 1168
938 1168 7.5 0 0.0 0 1168
940 1168 7.5 0 0.0 0 1168
942 1168 7.5 0 0.0 0 1168
944 1168 7.5 0 0.0 0 1168
946 1168 7.5 0 0.0 0 1168
948 1168 7.5 0 0.0 0 1168
950 1168 7.5 0 0.0 0 1168
952 1168 7.5 0 0.0 0 1168
954 1168 7.5 0 0.0 0 1168
956 1168 7.5 0 0.0 0 1168
958 1168 7.5 0 0.0 0 1168
960 1168 7.5 0 0.0 0 1168
962 1168 7.5 0 0.0 0 1168
964 1168 7.5 0 0.0 0 1168
966 1168 7.5 0 0.0 0 1168
968 1168 7.5 0 0.0 0 1168
970 1168 7.5 0 0.0 0 1168
972 1168 7.5 0 0.0 0 1168
974 1168 7.5 0 0.0 0 1168
976 1168 7.5 0 0.0 0 1168
978 1168 7.5 0 0.0 0 1168
980 1168 7.5 0 0.0 0 1168
982 1168 7.5 0 0.0 0 1168
984 1168 7.5 0 0.0 0 1168
986 1168 7.5 0 0.0 0 1168
988 1168 7.5 0 0.0 0 1168
990 1168 7.5 0 0.0 0 1168
992 1168 7.5 0 0.0 0 1168
994 1168 7.5 0 0.0 0 1168
996 1168 7.5 0 0.0 0 1168
998 1168 7.5 0 0.0 0 1168
1000 1168 7.5 0 0.0 0 1168
1002 1168 7.5 0 0.0 0 1168
1004 1168 7.5 0 0.0 0 1168
1006 1168 7.5 0 0.0 0 1168
1008 1168 7.5 0 0.0 0 1168
1010 1168 7.5 0 0.0 0 1168
1012 1168 7.5 0 0.0 0 1168
1014 1168 7.5 0 0.0 0 1168
1016 1168 7.5 0 0.0 0 1168
1018 1168 7.5 0 0.0 0 1168
1020 1168 7.5 0 0.0 0 1168
1022 1168 7.5 0 0.0 0 1168
1024 1168 7.5 0 0.0 0 1168
1026 1168 7.5 0 0.0 0 1168
1028 1168 7.5 0 0.0 0 1168
1030 1168 7.5 0 0.0 0 1168
1032 1168 7.5 0 0.0 0 1168
1034 1168 7.5 0 0.0 0 1168
1036 1168 7.5 0 0.0 0 1168
1038 1168 7.5 0 0.0 0 1168
1040 1168 7.5 0 0.0 0 1168
1042 1168 7.5 0 0.0 0 1168
1044 1167 7.5 0 0.0 1 1168
1046 1167 7.5 0 0.0 1 1167
1048 1167 7.5 0 0.0 1 1167
1050 1167 7.5 0 0.0 1 1167
1052 1167 7.5 0 0.0 1 1167
1054 1167 7.5 0 0.0 1 1167
1056 1167 7.5 0 0.0 1 1167
1058 1167 7.5 0 0.0 1 1167
1060 1167 7.5 0 0.0 1 1167
1062 1167 7.5 0 0.0 1 1167
1064 1167 7.5 0 0.0 1 1167
1066 1167 7.5 0 0.0 1 1167
1068 1167 7.5 0 0.0 1 1167
1070 1167 7.5 0 0.0 1 1167
1072 1167 7.5 0 0.0 1 1167
1074 1167 7.5 0 0.0 1 1167
1076 1167 7.5 0 0.0 1 1167
1078 1167 7.5 0 0.0 1 1167
1080 1167 7.5 0 0.0 1 1167
1082 1167 7.5 0 0.0 1 1167
1084 1167 7.5 0 0.0 1 1167
1086 1167 7.5 0 0.0 1 1167
1088 1167 7.5 0 0.0 1 1167
1090 1167 7.5 0 0.0 1 1167
1092 1167 7.5 0 0.0 1 1167
1094 1167 7.5 0 0.0 1 1167
1096 1167 7.5 0 0.0 1 1167
1098 1167 7.5 0 0.0 1 1167
1100 1167 7.5 0 0.0 1 1167
1102 1167 7.5 0 0.0 1 1167
1104 1167 7.5 0 0.0 1 1167
1106 1167 7.5 0 0.0 1 1167
1108 1167 7.5 0 0.0 1 1167
1110 1167 7.5 0 0.0 1 1167
1112 1167 7.5 0 0.0 1 1167
1114 1167 7.5 0 0.0 1 1167
1116 1167 7.5 0 0.0 1 1167
1118 1167 7.5 0 0.0 1 1167
1120 1166 7.49 0 0.0 2 1167
1122 1166 7.49 0 0.0 2 1166
1124 1166 7.49 0 0.0 2 1166
1126 1166 7.49 0 0.0 2 1166
1128 1166 7.49 0 0.0 2 1166
1130 1166 7.49 0 0.0 2 1166
1132 1166 7.49 0 0.0 2 1166
1134 1166 7.49 0 0.0 2 1166
1136 1166 7.49 0 0.0 2 1166
1138 1166 7.49 0 0.0 2 1166
1140 1166 7.49 0 0.0 2 1166
1142 1166 7.49 0 0.0 2 1166
1144 1166 7.49 0 0.0 2 1166
1146 1166 7.49 0 0.0 2 1166
1148 1166 7.49 0 0.0 2 1166
1150 1166 7.49 0 0.0 2 1166
1152 1166 7.49 0 0.0 2 1166
1154 1166 7.49 0 0.0 2 1166
1156 1166 7.49 0 0.0 2 1166
1158 1166 7.49 0 0.0 2 1166
1160 1166 7.49 0 0.0 2 1166
1162 1166 7.49 0 0.0 2 1166
1164 1166 7.49 0 0.0 2 1166
1166 1166 7.49 0 0.0 2 1166
1168 1166 7.49 0 0.0 2 1166
1170 1166 7.49 0 0.0 2 1166
1172 1166 7.49 0 0.0 2 1166
1174 1166 7.49 0 0.0 2 1166
1176 1166 7.49 0 0.0 2 1166
1178 1166 7.49 0 0.0 2 1166
1180 1166 7.49 0 0.0 2 1166
1182 1166 7.49 0 0.0 2 1166
1184 1166 7.49 0 0.0 2 1166
1186 1166 7.49 0 0.0 2 1166
1188 1166 7.49 0 0.0 2 1166
1190 1166 7.49 0 0.0 2 1166
1192 1166 7.49 0 0.0 2 1166
1194 1166 7.49 0 0.0 2 1166
1196 1166 7.49 0 0.0 2 1166
1198 1166 7.49 0 0.0 2 1166
1200 1166 7.49 0 0.0 2 1166
1202 1166 7.49 0 0.0 2 1166
1204 1166 7.49 0 0.0 2 1166
1206 1165 7.48 0 0.0 3 1166
1208 1165 7.48 0 0.0 3 1165
1210 1165 7.48 0 0.0 3 1165
1212 1165 7.48 0 0.0 3 1165
1214 1165 7.48 0 0.0 3 1165
1216 1165 7.48 0 0.0 3 1165
1218 1165 7.48 0 0.0 3 1165
1220 1165 7.48 0 0.0 3 1165
1222 1165 7.48 0 0.0 3 1165
1224 1165 7.48 0 0.0 3 1165
1226 1165 7.48 0 0.0 3 1165
1228 1165 7.48 0 0.0 3 1165
1230 1165 7.48 0 0.0 3 1165
1232 1165 7.48 0 0.0 3 1165
1234 1165 7.48 0 0.0 3 1165
1236 1165 7.48 0 0.0 3 1165
1238 1165 7.48 0 0.0 3 1165
1240 1165 7.48 0 0.0 3 1165
1242 1165 7.48 0 0.0 3 1165
1244 1165 7.48 0 0.0 3 1165
1246 1165 7.48 0 0.0 3 1165
1248 1165 7.48 0 0.0 3 1165
1250 1165 7.48 0 0.0 3 1165
1252 1165 7.48 0 0.0 3 1165
1254 1165 7.48 0 0.0 3 1165
1256 1165 7.48 0 0.0 3 1165
1258 1165 7.48 0 0.0 3 1165
1260 1165 7.48 0 0.0 3 1165
1262 1165 7.48 0 0.0 3 1165
1264 1165 7.48 0 0.0 3 1165
1266 1165 7.48 0 0.0 3 1165
1268 1165 7.48 0 0.0 3 1165
1270 1165 7.48 0 0.0 3 1165
1272 1165 7.48 0 0.0 3 1165
1274 1165 7.48 0 0.0 3 1165
1276 1165 7.48 0 0.0 3 1165
1278 1165 7.48 0 0.0 3 1165
1280 1165 7.48 0 0.0 3 1165
1282 1165 7.48 0 0.0 3 1165
1284 1165 7.48 0 0.0 3 1165
1286 1165 7.48 0 0.0 3 1165
1288 1165 7.48 0 0.0 3 1165
1290 1165 7.48 0 0.0 3 1165
1292 1165 7.48 0 0.0 3 1165
1294 1165 7.48 0 0.0 3 1165
1296 1165 7.48 0 0.0 3 1165
1298 1165 7.48 0 0.0 3 1165
1300 1164 7.48 0 0.0 4 1165
1302 1164 7.48 0 0.0 4 1164
1304 1164 7.48 0 0.0 4 1164
1306 1164 7.48 0 0.0 4 1164
1308 1164 7.48 0 0.0 4 1164
1310 1164 7.48 0 0.0 4 1164
1312 1164 7.48 0 0.0 4 1164
1314 1164 7.48 0 0.0 4 1164
1316 1164 7.48 0 0.0 4 1164
1318 1164 7.48 0 0.0 4 1164
1320 1164 7.48 0 0.0 4 1164
1322 1164 7.48 0 0.0 4 1164
1324 1164 7.48 0 0.0 4 1164
1326 1164 7.48 0 0.0 4 1164
1328 1164 7.48 0 0.0 4 1164
1330 1164 7.48 0 0.0 4 1164
1332 1164 7.48 0 0.0 4 1164
1334 1164 7.48 0 0.0 4 1164
1336 1164 7.48 0 0.0 4 1164
1338 1164 7.48 0 0.0 4 1164
1340 1164 7.48 0 0.0 4 1164
1342 1164 7.48 0 0.0 4 1164
1344 1164 7.48 0 0.0 4 1164
1346 1164 7.48 0 0.0 4 1164
1348 1164 7.48 0 0.0 4 1164
1350 1164 7.48 0 0.0 4 1164
1352 1164 7.48 0 0.0 4 1164
1354 1164 7.48 0 0.0 4 1164
1356 1164 7.48 0 0.0 4 1164
1358 1164 7.48 0 0.0 4 1164
1360 1164 7.48 0 0.0 4 1164
1362 1164 7.48 0 0.0 4 1164
1364 1164 7.48 0 0.0 4 1164
1366 1164 7.48 0 0.0 4 1164
1368 1164 7.48 0 0.0 4 1164
1370 1164 7.48 0 0.0 4 1164
1372 1164 7.48 0 0.0 4 1164
1374 1164 7.48 0 0.0 4 1164
1376 1164 7.48 0 0.0 4 1164
1378 1164 7.48 0 0.0 4 1164
1380 1164 7.48 0 0.0 4 1164
1382 1164 7.48 0 0.0 4 1164
1384 1164 7.48 0 0.0 4 1164
1386 1164 7.48 0 0.0 4 1164
1388 1164 7.48 0 0.0 4 1164
1390 1164 7.48 0 0.0 4 1164
1392 1164 7.48 0 0.0 4 1164
1394 1164 7.48 0 0.0 4 1164
1396 1164 7.48 0 0.0 4 1164
1398 1163 7.47 0 0.0 5 1164
1400 1163 7.47 0 0.0 5 1163
1402 1163 7.47 0 0.0 5 1163
1404 1163 7.47 0 0.0 5 1163
1406 1163 7.47 0 0.0 5 1163
1408 1163 7.47 0 0.0 5 1163
1410 1163 7.47 0 0.0 5 1163
1412 1163 7.47 0 0.0 5 1163
1414 1163 7.47 0 0.0 5 1163
1416 1163 7.47 0 0.0 5 1163
1418 1163 7.47 0 0.0 5 1163
1420 1163 7.47 0 0.0 5 1163
1422 1163 7.47 0 0.0 5 1163
1424 1163 7.47 0 0.0 5 1163
1426 1163 7.47 0 0.0 5 1163
1428 1163 7.47 0 0.0 5 1163
1430 1163 7.47 0 0.0 5 1163
1432 1163 7.47 0 0.0 5 1163
1434 1163 7.47 0 0.0 5 1163
1436 1163 7.47 0 0.0 5 1163
1438 1163 7.47 0 0.0 5 1163
1440 1163 7.47 0 0.0 5 1163
