Time Custom..._Count Custom..._Conc Glycerol_Count Glycerol_Conc Custom..._Died bacteria_couldn't_eat
0 43 0.21 57811 2.76 0 0
2 43 0.21 57811 2.76 0 0
4 43 0.21 57797 2.76 0 0
6 43 0.21 57763 2.76 0 0
8 43 0.22 57735 2.76 0 0
10 43 0.22 57709 2.76 0 0
12 43 0.22 57678 2.75 0 0
14 43 0.22 57642 2.75 0 0
16 43 0.23 57610 2.75 0 0
18 43 0.23 57579 2.75 0 0
20 43 0.23 57545 2.75 0 0
22 43 0.23 57510 2.75 0 0
24 43 0.24 57470 2.74 0 0
26 43 0.24 57429 2.74 0 0
28 43 0.24 57389 2.74 0 0
30 43 0.25 57350 2.74 0 0
32 43 0.25 57318 2.74 0 0
34 43 0.25 57277 2.73 0 0
36 43 0.26 57234 2.73 0 0
38 43 0.26 57193 2.73 0 0
40 43 0.26 57151 2.73 0 0
42 43 0.27 57103 2.73 0 0
44 43 0.27 57062 2.72 0 0
46 43 0.27 57021 2.72 0 0
48 43 0.28 56975 2.72 0 0
50 43 0.28 56932 2.72 0 0
52 43 0.29 56888 2.72 0 0
54 43 0.29 56846 2.71 0 0
56 43 0.29 56801 2.71 0 0
58 43 0.3 56758 2.71 0 0
60 43 0.3 56715 2.71 0 0
62 43 0.3 56672 2.71 0 0
64 43 0.31 56629 2.7 0 0
66 43 0.31 56586 2.7 0 0
68 43 0.31 56543 2.7 0 0
70 43 0.32 56500 2.7 0 0
72 43 0.32 56457 2.7 0 0
74 43 0.33 56413 2.69 0 0
76 43 0.33 56369 2.69 0 0
78 43 0.33 56325 2.69 0 0
80 43 0.34 56282 2.69 0 0
82 43 0.34 56239 2.69 0 0
84 43 0.34 56195 2.68 0 0
86 43 0.35 56152 2.68 0 0
88 43 0.35 56108 2.68 0 0
90 43 0.35 56064 2.68 0 0
92 43 0.36 56020 2.67 0 0
94 43 0.36 55977 2.67 0 0
96 43 0.36 55933 2.67 0 0
98 43 0.37 55889 2.67 0 0
100 43 0.37 55845 2.67 0 0
102 43 0.38 55798 2.66 0 0
104 43 0.38 55755 2.66 0 0
106 43 0.38 55706 2.66 0 0
108 43 0.39 55661 2.66 0 0
110 43 0.39 55613 2.66 0 0
112 43 0.39 55564 2.65 0 0
114 43 0.4 55514 2.65 0 0
116 44 0.4 55459 2.65 0 0
118 49 0.41 55409 2.65 0 0
120 56 0.41 55359 2.64 0 0
122 65 0.42 55303 2.64 0 0
124 69 0.42 55250 2.64 0 0
126 77 0.43 55191 2.64 0 0
128 82 0.43 55133 2.63 0 0
130 84 0.44 55079 2.63 0 0
132 86 0.44 55020 2.63 0 0
134 86 0.45 54961 2.62 0 0
136 86 0.45 54897 2.62 0 0
138 86 0.46 54827 2.62 0 0
140 86 0.46 54755 2.61 0 0
142 86 0.47 54685 2.61 0 0
144 86 0.47 54617 2.61 0 0
146 86 0.48 54549 2.6 0 0
148 86 0.49 54467 2.6 0 0
150 86 0.49 54387 2.6 0 0
152 86 0.5 54303 2.59 0 0
154 86 0.51 54225 2.59 0 0
156 86 0.51 54141 2.59 0 0
158 86 0.52 54060 2.58 0 0
160 86 0.53 53971 2.58 0 0
162 86 0.53 53884 2.57 0 0
164 86 0.54 53802 2.57 0 0
166 86 0.55 53718 2.56 0 0
168 86 0.55 53632 2.56 0 0
170 86 0.56 53548 2.56 0 0
172 86 0.57 53460 2.55 0 0
174 86 0.58 53372 2.55 0 0
176 86 0.58 53288 2.54 0 0
178 86 0.59 53200 2.54 0 0
180 86 0.6 53115 2.54 0 0
182 86 0.61 53027 2.53 0 0
184 86 0.61 52942 2.53 0 0
186 86 0.62 52855 2.52 0 0
188 86 0.63 52769 2.52 0 0
190 86 0.63 52681 2.52 0 0
192 86 0.64 52594 2.51 0 0
194 86 0.65 52509 2.51 0 0
196 86 0.65 52422 2.5 0 0
198 86 0.66 52334 2.5 0 0
200 86 0.67 52248 2.5 0 0
202 86 0.68 52162 2.49 0 0
204 86 0.68 52074 2.49 0 0
206 86 0.69 51985 2.48 0 0
208 86 0.7 51897 2.48 0 0
210 86 0.7 51811 2.47 0 0
212 86 0.71 51724 2.47 0 0
214 86 0.72 51638 2.47 0 0
216 86 0.73 51550 2.46 0 0
218 86 0.73 51462 2.46 0 0
220 86 0.74 51375 2.45 0 0
222 86 0.75 51285 2.45 0 0
224 86 0.75 51193 2.44 0 0
226 86 0.76 51103 2.44 0 0
228 86 0.77 51008 2.44 0 0
230 86 0.78 50916 2.43 0 0
232 87 0.79 50824 2.43 0 0
234 87 0.79 50726 2.42 0 0
236 91 0.8 50627 2.42 0 0
238 101 0.81 50527 2.41 0 0
240 110 0.82 50432 2.41 0 0
242 118 0.83 50328 2.4 0 0
244 133 0.84 50215 2.4 0 0
246 140 0.84 50107 2.39 0 0
248 148 0.86 49990 2.39 0 0
250 159 0.86 49869 2.38 0 0
252 167 0.88 49756 2.37 0 0
254 171 0.89 49630 2.37 0 0
256 172 0.9 49498 2.36 0 0
258 172 0.91 49366 2.36 0 0
260 172 0.92 49242 2.35 0 0
262 172 0.93 49111 2.34 0 0
264 172 0.94 48966 2.34 0 0
266 172 0.95 48830 2.33 0 0
268 172 0.96 48674 2.32 0 0
270 172 0.98 48527 2.32 0 0
272 172 0.99 48375 2.31 0 0
274 172 1.0 48219 2.3 0 0
276 172 1.02 48061 2.29 0 0
278 172 1.03 47899 2.29 0 0
280 172 1.04 47737 2.28 0 0
282 172 1.06 47570 2.27 0 0
284 172 1.07 47405 2.26 0 0
286 172 1.08 47230 2.25 0 0
288 172 1.1 47057 2.25 0 0
290 172 1.11 46883 2.24 0 0
292 172 1.13 46711 2.23 0 0
294 172 1.14 46541 2.22 0 0
296 172 1.16 46368 2.21 0 0
298 172 1.17 46196 2.21 0 0
300 172 1.18 46022 2.2 0 0
302 172 1.2 45850 2.19 0 0
304 172 1.21 45677 2.18 0 0
306 172 1.23 45505 2.17 0 0
308 172 1.24 45335 2.16 0 0
310 172 1.25 45161 2.16 0 0
312 172 1.27 44989 2.15 0 0
314 172 1.28 44816 2.14 0 0
316 172 1.3 44645 2.13 0 0
318 172 1.31 44472 2.12 0 0
320 172 1.33 44298 2.11 0 0
322 172 1.34 44122 2.11 0 0
324 172 1.35 43949 2.1 0 0
326 172 1.37 43773 2.09 0 0
328 172 1.38 43593 2.08 0 0
330 172 1.4 43416 2.07 0 0
332 172 1.41 43234 2.06 0 0
334 172 1.43 43056 2.06 0 0
336 172 1.44 42881 2.05 0 0
338 172 1.46 42702 2.04 0 0
340 172 1.47 42522 2.03 0 0
342 172 1.49 42343 2.02 0 0
344 172 1.5 42162 2.01 0 0
346 172 1.52 41980 2.0 0 0
348 172 1.53 41792 2.0 0 0
350 172 1.55 41602 1.99 0 0
352 173 1.56 41414 1.98 0 0
354 180 1.58 41220 1.97 0 0
356 190 1.59 41027 1.96 0 0
358 202 1.61 40822 1.95 0 0
360 212 1.63 40626 1.94 0 0
362 227 1.64 40406 1.93 0 0
364 241 1.66 40198 1.92 0 0
366 256 1.68 39975 1.91 0 0
368 278 1.7 39747 1.9 0 0
370 305 1.72 39520 1.89 0 0
372 322 1.74 39284 1.87 0 0
374 331 1.76 39025 1.86 0 0
376 338 1.78 38775 1.85 0 0
378 340 1.8 38519 1.84 0 0
380 343 1.82 38263 1.83 0 0
382 343 1.85 37983 1.81 0 0
384 343 1.87 37706 1.8 0 0
386 344 1.89 37422 1.79 0 0
388 344 1.92 37126 1.77 0 0
390 344 1.94 36818 1.76 0 0
392 344 1.97 36517 1.74 0 0
394 344 1.99 36207 1.73 0 0
396 344 2.02 35882 1.71 0 0
398 344 2.05 35556 1.7 0 0
400 344 2.07 35220 1.68 0 0
402 344 2.1 34883 1.67 0 0
404 344 2.13 34548 1.65 0 0
406 344 2.16 34209 1.63 0 0
408 344 2.19 33875 1.62 0 0
410 344 2.21 33526 1.6 0 0
412 344 2.24 33184 1.58 0 0
414 344 2.27 32842 1.57 0 0
416 344 2.3 32499 1.55 0 0
418 344 2.33 32161 1.54 0 0
420 344 2.36 31813 1.52 0 0
422 344 2.38 31467 1.5 0 0
424 344 2.41 31124 1.49 0 0
426 344 2.44 30780 1.47 0 0
428 344 2.47 30435 1.45 0 0
430 344 2.5 30090 1.44 0 0
432 344 2.53 29742 1.42 0 0
434 344 2.56 29396 1.4 0 0
436 344 2.58 29051 1.39 0 0
438 344 2.61 28708 1.37 0 0
440 344 2.64 28363 1.35 0 0
442 344 2.67 28017 1.34 0 0
444 344 2.7 27670 1.32 0 0
446 344 2.73 27319 1.3 0 0
448 344 2.75 26967 1.29 0 0
450 344 2.78 26620 1.27 0 0
452 344 2.81 26270 1.25 0 0
454 344 2.84 25920 1.24 0 0
456 344 2.87 25569 1.22 0 0
458 344 2.9 25214 1.2 0 0
460 344 2.93 24853 1.19 0 0
462 344 2.96 24493 1.17 0 0
464 344 2.99 24129 1.15 0 0
466 345 3.02 23767 1.13 0 0
468 345 3.05 23407 1.12 0 0
470 348 3.08 23041 1.1 0 0
472 354 3.11 22678 1.08 0 0
474 365 3.14 22302 1.06 0 0
476 373 3.17 21917 1.05 0 0
478 388 3.2 21525 1.03 0 0
480 413 3.24 21123 1.01 0 0
482 433 3.27 20693 0.99 0 0
484 469 3.31 20265 0.97 0 0
486 505 3.34 19834 0.95 0 0
488 537 3.38 19375 0.92 0 0
490 581 3.42 18906 0.9 0 0
492 615 3.46 18431 0.88 0 0
494 648 3.5 17942 0.86 0 0
496 670 3.54 17440 0.83 0 0
498 677 3.58 16933 0.81 0 0
500 682 3.63 16387 0.78 0 0
502 684 3.67 15866 0.76 0 0
504 686 3.72 15304 0.73 0 0
506 688 3.76 14747 0.7 0 0
508 688 3.81 14168 0.68 0 0
510 688 3.86 13587 0.65 0 0
512 688 3.91 12970 0.62 0 0
514 688 3.96 12345 0.59 0 0
516 688 4.02 11709 0.56 0 0
518 688 4.07 11073 0.53 0 0
520 688 4.12 10424 0.5 0 0
522 688 4.18 9763 0.46 0 0
524 688 4.23 9095 0.43 0 0
526 688 4.29 8404 0.4 0 0
528 688 4.34 7736 0.37 0 0
530 688 4.4 7054 0.34 0 0
532 688 4.46 6370 0.3 0 0
534 688 4.51 5685 0.27 0 0
536 688 4.57 4999 0.24 0 0
538 688 4.63 4309 0.21 0 0
540 688 4.68 3623 0.17 0 0
542 688 4.74 2933 0.14 0 0
544 688 4.8 2240 0.11 0 0
546 688 4.86 1556 0.07 0 6
548 688 4.91 934 0.04 0 67
550 688 4.94 496 0.02 0 250
552 688 4.97 219 0.01 0 413
554 688 4.98 65 0.0 0 534
556 688 4.98 5 0.0 0 627
558 688 4.98 0 0.0 0 683
560 688 4.98 0 0.0 0 688
562 688 4.98 0 0.0 0 688
564 688 4.98 0 0.0 0 688
566 688 4.98 0 0.0 0 688
568 688 4.98 0 0.0 0 688
570 688 4.98 0 0.0 0 688
572 688 4.98 0 0.0 0 688
574 688 4.98 0 0.0 0 688
576 688 4.98 0 0.0 0 688
578 688 4.98 0 0.0 0 688
580 688 4.98 0 0.0 0 688
582 688 4.98 0 0.0 0 688
584 688 4.98 0 0.0 0 688
586 688 4.98 0 0.0 0 688
588 688 4.98 0 0.0 0 688
590 688 4.98 0 0.0 0 688
592 688 4.98 0 0.0 0 688
594 688 4.98 0 0.0 0 688
596 688 4.98 0 0.0 0 688
598 688 4.98 0 0.0 0 688
600 688 4.98 0 0.0 0 688
602 688 4.98 0 0.0 0 688
604 688 4.98 0 0.0 0 688
606 688 4.98 0 0.0 0 688
608 688 4.98 0 0.0 0 688
610 688 4.98 0 0.0 0 688
612 688 4.98 0 0.0 0 688
614 688 4.98 0 0.0 0 688
616 688 4.98 0 0.0 0 688
618 688 4.98 0 0.0 0 688
620 688 4.98 0 0.0 0 688
622 688 4.98 0 0.0 0 688
624 688 4.98 0 0.0 0 688
626 688 4.98 0 0.0 0 688
628 688 4.98 0 0.0 0 688
630 688 4.98 0 0.0 0 688
632 688 4.98 0 0.0 0 688
634 688 4.98 0 0.0 0 688
636 688 4.98 0 0.0 0 688
638 688 4.98 0 0.0 0 688
640 688 4.98 0 0.0 0 688
642 688 4.98 0 0.0 0 688
644 688 4.98 0 0.0 0 688
646 688 4.98 0 0.0 0 688
648 688 4.98 0 0.0 0 688
650 688 4.98 0 0.0 0 688
652 688 4.98 0 0.0 0 688
654 688 4.98 0 0.0 0 688
656 688 4.98 0 0.0 0 688
658 688 4.98 0 0.0 0 688
660 688 4.98 0 0.0 0 688
662 688 4.98 0 0.0 0 688
664 688 4.98 0 0.0 0 688
666 688 4.98 0 0.0 0 688
668 688 4.98 0 0.0 0 688
670 688 4.98 0 0.0 0 688
672 688 4.98 0 0.0 0 688
674 688 4.98 0 0.0 0 688
676 688 4.98 0 0.0 0 688
678 688 4.98 0 0.0 0 688
680 688 4.98 0 0.0 0 688
682 688 4.98 0 0.0 0 688
684 688 4.98 0 0.0 0 688
686 688 4.98 0 0.0 0 688
688 688 4.98 0 0.0 0 688
690 688 4.98 0 0.0 0 688
692 688 4.98 0 0.0 0 688
694 688 4.98 0 0.0 0 688
696 688 4.98 0 0.0 0 688
698 688 4.98 0 0.0 0 688
700 688 4.98 0 0.0 0 688
702 688 4.98 0 0.0 0 688
704 688 4.98 0 0.0 0 688
706 688 4.98 0 0.0 0 688
708 688 4.98 0 0.0 0 688
710 688 4.98 0 0.0 0 688
712 688 4.98 0 0.0 0 688
714 688 4.98 0 0.0 0 688
716 688 4.98 0 0.0 0 688
718 688 4.98 0 0.0 0 688
720 688 4.98 0 0.0 0 688
722 688 4.98 0 0.0 0 688
724 688 4.98 0 0.0 0 688
726 688 4.98 0 0.0 0 688
728 688 4.98 0 0.0 0 688
730 688 4.98 0 0.0 0 688
732 688 4.98 0 0.0 0 688
734 688 4.98 0 0.0 0 688
736 688 4.98 0 0.0 0 688
738 688 4.98 0 0.0 0 688
740 688 4.98 0 0.0 0 688
742 688 4.98 0 0.0 0 688
744 688 4.98 0 0.0 0 688
746 688 4.98 0 0.0 0 688
748 688 4.98 0 0.0 0 688
750 688 4.98 0 0.0 0 688
752 688 4.98 0 0.0 0 688
754 688 4.98 0 0.0 0 688
756 688 4.98 0 0.0 0 688
758 688 4.98 0 0.0 0 688
760 688 4.98 0 0.0 0 688
762 688 4.98 0 0.0 0 688
764 688 4.98 0 0.0 0 688
766 688 4.98 0 0.0 0 688
768 688 4.98 0 0.0 0 688
770 688 4.98 0 0.0 0 688
772 688 4.98 0 0.0 0 688
774 688 4.98 0 0.0 0 688
776 688 4.98 0 0.0 0 688
778 688 4.98 0 0.0 0 688
780 688 4.98 0 0.0 0 688
782 688 4.98 0 0.0 0 688
784 688 4.98 0 0.0 0 688
786 688 4.98 0 0.0 0 688
788 688 4.98 0 0.0 0 688
790 688 4.98 0 0.0 0 688
792 688 4.98 0 0.0 0 688
794 688 4.98 0 0.0 0 688
796 688 4.98 0 0.0 0 688
798 688 4.98 0 0.0 0 688
800 688 4.98 0 0.0 0 688
802 688 4.98 0 0.0 0 688
804 688 4.98 0 0.0 0 688
806 688 4.98 0 0.0 0 688
808 688 4.98 0 0.0 0 688
810 688 4.98 0 0.0 0 688
812 688 4.98 0 0.0 0 688
814 688 4.98 0 0.0 0 688
816 688 4.98 0 0.0 0 688
818 688 4.98 0 0.0 0 688
820 688 4.98 0 0.0 0 688
822 688 4.98 0 0.0 0 688
824 688 4.98 0 0.0 0 688
826 688 4.98 0 0.0 0 688
828 688 4.98 0 0.0 0 688
830 688 4.98 0 0.0 0 688
832 688 4.98 0 0.0 0 688
834 688 4.98 0 0.0 0 688
836 688 4.98 0 0.0 0 688
838 688 4.98 0 0.0 0 688
840 688 4.98 0 0.0 0 688
842 688 4.98 0 0.0 0 688
844 688 4.98 0 0.0 0 688
846 688 4.98 0 0.0 0 688
848 688 4.98 0 0.0 0 688
850 688 4.98 0 0.0 0 688
852 688 4.98 0 0.0 0 688
854 688 4.98 0 0.0 0 688
856 688 4.98 0 0.0 0 688
858 688 4.98 0 0.0 0 688
860 688 4.98 0 0.0 0 688
862 688 4.98 0 0.0 0 688
864 688 4.98 0 0.0 0 688
866 688 4.98 0 0.0 0 688
868 688 4.98 0 0.0 0 688
870 688 4.98 0 0.0 0 688
872 688 4.98 0 0.0 0 688
874 688 4.98 0 0.0 0 688
876 688 4.98 0 0.0 0 688
878 688 4.98 0 0.0 0 688
880 688 4.98 0 0.0 0 688
882 688 4.98 0 0.0 0 688
884 688 4.98 0 0.0 0 688
886 688 4.98 0 0.0 0 688
888 688 4.98 0 0.0 0 688
890 688 4.98 0 0.0 0 688
892 688 4.98 0 0.0 0 688
894 688 4.98 0 0.0 0 688
896 688 4.98 0 0.0 0 688
898 688 4.98 0 0.0 0 688
900 688 4.98 0 0.0 0 688
902 688 4.98 0 0.0 0 688
904 688 4.98 0 0.0 0 688
906 688 4.98 0 0.0 0 688
908 688 4.98 0 0.0 0 688
910 688 4.98 0 0.0 0 688
912 688 4.98 0 0.0 0 688
914 688 4.98 0 0.0 0 688
916 688 4.98 0 0.0 0 688
918 688 4.98 0 0.0 0 688
920 688 4.98 0 0.0 0 688
922 688 4.98 0 0.0 0 688
924 688 4.98 0 0.0 0 688
926 688 4.98 0 0.0 0 688
928 688 4.98 0 0.0 0 688
930 688 4.98 0 0.0 0 688
932 688 4.98 0 0.0 0 688
934 688 4.98 0 0.0 0 688
936 688 4.98 0 0.0 0 688
938 688 4.98 0 0.0 0 688
940 688 4.98 0 0.0 0 688
942 688 4.98 0 0.0 0 688
944 688 4.98 0 0.0 0 688
946 688 4.98 0 0.0 0 688
948 688 4.98 0 0.0 0 688
950 688 4.98 0 0.0 0 688
952 688 4.98 0 0.0 0 688
954 688 4.98 0 0.0 0 688
956 688 4.98 0 0.0 0 688
958 688 4.98 0 0.0 0 688
960 688 4.98 0 0.0 0 688
962 688 4.98 0 0.0 0 688
964 688 4.98 0 0.0 0 688
966 688 4.98 0 0.0 0 688
968 688 4.98 0 0.0 0 688
970 688 4.98 0 0.0 0 688
972 688 4.98 0 0.0 0 688
974 688 4.98 0 0.0 0 688
976 688 4.98 0 0.0 0 688
978 688 4.98 0 0.0 0 688
980 688 4.98 0 0.0 0 688
982 688 4.98 0 0.0 0 688
984 688 4.98 0 0.0 0 688
986 688 4.98 0 0.0 0 688
988 688 4.98 0 0.0 0 688
990 688 4.98 0 0.0 0 688
992 688 4.98 0 0.0 0 688
994 688 4.98 0 0.0 0 688
996 688 4.98 0 0.0 0 688
998 688 4.98 0 0.0 0 688
1000 688 4.98 0 0.0 0 688
1002 688 4.98 0 0.0 0 688
1004 688 4.98 0 0.0 0 688
1006 688 4.98 0 0.0 0 688
1008 688 4.98 0 0.0 0 688
1010 688 4.98 0 0.0 0 688
1012 688 4.98 0 0.0 0 688
1014 688 4.98 0 0.0 0 688
1016 688 4.98 0 0.0 0 688
1018 688 4.98 0 0.0 0 688
1020 688 4.98 0 0.0 0 688
1022 688 4.98 0 0.0 0 688
1024 688 4.98 0 0.0 0 688
1026 688 4.98 0 0.0 0 688
1028 688 4.98 0 0.0 0 688
1030 688 4.98 0 0.0 0 688
1032 688 4.98 0 0.0 0 688
1034 688 4.98 0 0.0 0 688
1036 688 4.98 0 0.0 0 688
1038 688 4.98 0 0.0 0 688
1040 688 4.98 0 0.0 0 688
1042 688 4.98 0 0.0 0 688
1044 688 4.98 0 0.0 0 688
1046 688 4.98 0 0.0 0 688
1048 688 4.98 0 0.0 0 688
1050 688 4.98 0 0.0 0 688
1052 688 4.98 0 0.0 0 688
1054 688 4.98 0 0.0 0 688
1056 688 4.98 0 0.0 0 688
1058 688 4.98 0 0.0 0 688
1060 688 4.98 0 0.0 0 688
1062 688 4.98 0 0.0 0 688
1064 688 4.98 0 0.0 0 688
1066 688 4.98 0 0.0 0 688
1068 688 4.98 0 0.0 0 688
1070 688 4.98 0 0.0 0 688
1072 688 4.98 0 0.0 0 688
1074 688 4.98 0 0.0 0 688
1076 688 4.98 0 0.0 0 688
1078 688 4.98 0 0.0 0 688
1080 688 4.98 0 0.0 0 688
1082 688 4.98 0 0.0 0 688
1084 688 4.98 0 0.0 0 688
1086 688 4.98 0 0.0 0 688
1088 688 4.98 0 0.0 0 688
1090 688 4.98 0 0.0 0 688
1092 688 4.98 0 0.0 0 688
1094 688 4.98 0 0.0 0 688
1096 688 4.98 0 0.0 0 688
1098 688 4.98 0 0.0 0 688
1100 688 4.98 0 0.0 0 688
1102 688 4.98 0 0.0 0 688
1104 688 4.98 0 0.0 0 688
1106 688 4.98 0 0.0 0 688
1108 688 4.98 0 0.0 0 688
1110 688 4.98 0 0.0 0 688
1112 688 4.98 0 0.0 0 688
1114 688 4.98 0 0.0 0 688
1116 688 4.98 0 0.0 0 688
1118 688 4.98 0 0.0 0 688
1120 688 4.98 0 0.0 0 688
1122 688 4.98 0 0.0 0 688
1124 688 4.98 0 0.0 0 688
1126 688 4.98 0 0.0 0 688
1128 688 4.98 0 0.0 0 688
1130 688 4.98 0 0.0 0 688
1132 688 4.98 0 0.0 0 688
1134 688 4.98 0 0.0 0 688
1136 688 4.98 0 0.0 0 688
1138 688 4.98 0 0.0 0 688
1140 688 4.98 0 0.0 0 688
1142 688 4.98 0 0.0 0 688
1144 688 4.98 0 0.0 0 688
1146 688 4.98 0 0.0 0 688
1148 688 4.98 0 0.0 0 688
1150 688 4.98 0 0.0 0 688
1152 688 4.98 0 0.0 0 688
1154 688 4.98 0 0.0 0 688
1156 688 4.98 0 0.0 0 688
1158 688 4.98 0 0.0 0 688
1160 688 4.98 0 0.0 0 688
1162 688 4.98 0 0.0 0 688
1164 688 4.98 0 0.0 0 688
1166 688 4.98 0 0.0 0 688
1168 688 4.98 0 0.0 0 688
1170 688 4.98 0 0.0 0 688
1172 688 4.98 0 0.0 0 688
1174 688 4.98 0 0.0 0 688
1176 688 4.98 0 0.0 0 688
1178 688 4.98 0 0.0 0 688
1180 688 4.98 0 0.0 0 688
1182 688 4.98 0 0.0 0 688
1184 688 4.98 0 0.0 0 688
1186 688 4.98 0 0.0 0 688
1188 688 4.98 0 0.0 0 688
1190 688 4.98 0 0.0 0 688
1192 688 4.98 0 0.0 0 688
1194 688 4.98 0 0.0 0 688
1196 688 4.98 0 0.0 0 688
1198 688 4.98 0 0.0 0 688
1200 688 4.98 0 0.0 0 688
1202 688 4.98 0 0.0 0 688
1204 688 4.98 0 0.0 0 688
1206 688 4.98 0 0.0 0 688
1208 688 4.98 0 0.0 0 688
1210 688 4.98 0 0.0 0 688
1212 688 4.98 0 0.0 0 688
1214 688 4.98 0 0.0 0 688
1216 688 4.98 0 0.0 0 688
1218 688 4.98 0 0.0 0 688
1220 688 4.98 0 0.0 0 688
1222 688 4.98 0 0.0 0 688
1224 688 4.98 0 0.0 0 688
1226 688 4.98 0 0.0 0 688
1228 688 4.98 0 0.0 0 688
1230 688 4.98 0 0.0 0 688
1232 688 4.98 0 0.0 0 688
1234 688 4.98 0 0.0 0 688
1236 688 4.98 0 0.0 0 688
1238 688 4.98 0 0.0 0 688
1240 688 4.98 0 0.0 0 688
1242 688 4.98 0 0.0 0 688
1244 688 4.98 0 0.0 0 688
1246 688 4.98 0 0.0 0 688
1248 688 4.98 0 0.0 0 688
1250 688 4.98 0 0.0 0 688
1252 688 4.98 0 0.0 0 688
1254 688 4.98 0 0.0 0 688
1256 688 4.98 0 0.0 0 688
1258 688 4.98 0 0.0 0 688
1260 688 4.98 0 0.0 0 688
1262 688 4.98 0 0.0 0 688
1264 688 4.98 0 0.0 0 688
1266 688 4.98 0 0.0 0 688
1268 688 4.98 0 0.0 0 688
1270 688 4.98 0 0.0 0 688
1272 688 4.98 0 0.0 0 688
1274 688 4.98 0 0.0 0 688
1276 688 4.98 0 0.0 0 688
1278 688 4.98 0 0.0 0 688
1280 688 4.98 0 0.0 0 688
1282 688 4.98 0 0.0 0 688
1284 688 4.98 0 0.0 0 688
1286 688 4.98 0 0.0 0 688
1288 688 4.98 0 0.0 0 688
1290 688 4.98 0 0.0 0 688
1292 688 4.98 0 0.0 0 688
1294 688 4.98 0 0.0 0 688
1296 688 4.98 0 0.0 0 688
1298 688 4.98 0 0.0 0 688
1300 688 4.98 0 0.0 0 688
1302 688 4.98 0 0.0 0 688
1304 688 4.98 0 0.0 0 688
1306 688 4.98 0 0.0 0 688
1308 688 4.98 0 0.0 0 688
1310 688 4.98 0 0.0 0 688
1312 688 4.98 0 0.0 0 688
1314 688 4.98 0 0.0 0 688
1316 688 4.98 0 0.0 0 688
1318 688 4.98 0 0.0 0 688
1320 688 4.98 0 0.0 0 688
1322 688 4.98 0 0.0 0 688
1324 688 4.98 0 0.0 0 688
1326 688 4.98 0 0.0 0 688
1328 688 4.98 0 0.0 0 688
1330 688 4.98 0 0.0 0 688
1332 688 4.98 0 0.0 0 688
1334 688 4.98 0 0.0 0 688
1336 688 4.98 0 0.0 0 688
1338 688 4.98 0 0.0 0 688
1340 688 4.98 0 0.0 0 688
1342 688 4.98 0 0.0 0 688
1344 688 4.98 0 0.0 0 688
1346 688 4.98 0 0.0 0 688
1348 688 4.98 0 0.0 0 688
1350 688 4.98 0 0.0 0 688
1352 688 4.98 0 0.0 0 688
1354 688 4.98 0 0.0 0 688
1356 688 4.98 0 0.0 0 688
1358 688 4.98 0 0.0 0 688
1360 688 4.98 0 0.0 0 688
1362 688 4.98 0 0.0 0 688
1364 688 4.98 0 0.0 0 688
1366 688 4.98 0 0.0 0 688
1368 688 4.98 0 0.0 0 688
1370 688 4.98 0 0.0 0 688
1372 688 4.98 0 0.0 0 688
1374 688 4.98 0 0.0 0 688
1376 688 4.98 0 0.0 0 688
1378 688 4.98 0 0.0 0 688
1380 688 4.98 0 0.0 0 688
1382 688 4.98 0 0.0 0 688
1384 688 4.98 0 0.0 0 688
1386 688 4.98 0 0.0 0 688
1388 688 4.98 0 0.0 0 688
1390 688 4.98 0 0.0 0 688
1392 688 4.98 0 0.0 0 688
1394 688 4.98 0 0.0 0 688
1396 688 4.98 0 0.0 0 688
1398 688 4.98 0 0.0 0 688
1400 688 4.98 0 0.0 0 688
1402 688 4.98 0 0.0 0 688
1404 688 4.98 0 0.0 0 688
1406 688 4.98 0 0.0 0 688
1408 688 4.98 0 0.0 0 688
1410 688 4.98 0 0.0 0 688
1412 688 4.98 0 0.0 0 688
1414 688 4.98 0 0.0 0 688
1416 688 4.98 0 0.0 0 688
1418 688 4.98 0 0.0 0 688
1420 688 4.98 0 0.0 0 688
1422 688 4.98 0 0.0 0 688
1424 688 4.98 0 0.0 0 688
1426 688 4.98 0 0.0 0 688
1428 688 4.98 0 0.0 0 688
1430 688 4.98 0 0.0 0 688
1432 688 4.98 0 0.0 0 688
1434 688 4.98 0 0.0 0 688
1436 688 4.98 0 0.0 0 688
1438 688 4.98 0 0.0 0 688
1440 688 4.98 0 0.0 0 688
