Time Custom..._Count Custom..._Conc Glycerol_Count Glycerol_Conc Custom..._Died bacteria_couldn't_eat
0 43 0.21 57811 2.76 0 0
2 43 0.21 57811 2.76 0 0
4 43 0.37 55857 2.67 0 0
6 129 0.66 51991 2.48 0 0
8 129 1.18 45841 2.19 0 0
10 375 2.05 35923 1.71 0 0
12 384 3.34 21983 1.05 0 31
14 763 4.7 8468 0.4 0 88
16 821 5.35 1933 0.09 0 411
18 844 5.53 67 0.0 0 528
20 845 5.53 0 0.0 0 797
22 845 5.53 0 0.0 0 845
24 845 5.53 0 0.0 0 845
26 845 5.53 0 0.0 0 845
28 845 5.53 0 0.0 0 845
30 845 5.53 0 0.0 0 845
32 845 5.53 0 0.0 0 845
34 845 5.53 0 0.0 0 845
36 845 5.53 0 0.0 0 845
38 845 5.53 0 0.0 0 845
40 845 5.53 0 0.0 0 845
42 845 5.53 0 0.0 0 845
44 845 5.53 0 0.0 0 845
46 845 5.53 0 0.0 0 845
48 845 5.53 0 0.0 0 845
50 845 5.53 0 0.0 0 845
52 845 5.53 0 0.0 0 845
54 845 5.53 0 0.0 0 845
56 845 5.53 0 0.0 0 845
58 845 5.53 0 0.0 0 845
60 845 5.53 0 0.0 0 845
62 845 5.53 0 0.0 0 845
64 845 5.53 0 0.0 0 845
66 845 5.53 0 0.0 0 845
68 845 5.53 0 0.0 0 845
70 845 5.53 0 0.0 0 845
72 845 5.53 0 0.0 0 845
74 845 5.53 0 0.0 0 845
76 845 5.53 0 0.0 0 845
78 845 5.53 0 0.0 0 845
80 845 5.53 0 0.0 0 845
82 845 5.53 0 0.0 0 845
84 845 5.53 0 0.0 0 845
86 845 5.53 0 0.0 0 845
88 845 5.53 0 0.0 0 845
90 845 5.53 0 0.0 0 845
92 845 5.53 0 0.0 0 845
94 845 5.53 0 0.0 0 845
96 845 5.53 0 0.0 0 845
98 845 5.53 0 0.0 0 845
100 845 5.53 0 0.0 0 845
102 845 5.53 0 0.0 0 845
104 845 5.53 0 0.0 0 845
106 845 5.53 0 0.0 0 845
108 845 5.53 0 0.0 0 845
110 845 5.53 0 0.0 0 845
112 845 5.53 0 0.0 0 845
114 845 5.53 0 0.0 0 845
116 845 5.53 0 0.0 0 845
118 845 5.53 0 0.0 0 845
120 845 5.53 0 0.0 0 845
122 845 5.53 0 0.0 0 845
124 845 5.53 0 0.0 0 845
126 845 5.53 0 0.0 0 845
128 845 5.53 0 0.0 0 845
130 845 5.53 0 0.0 0 845
132 845 5.53 0 0.0 0 845
134 845 5.53 0 0.0 0 845
136 845 5.53 0 0.0 0 845
138 845 5.53 0 0.0 0 845
140 845 5.53 0 0.0 0 845
142 845 5.53 0 0.0 0 845
144 845 5.53 0 0.0 0 845
146 845 5.53 0 0.0 0 845
148 845 5.53 0 0.0 0 845
150 845 5.53 0 0.0 0 845
152 845 5.53 0 0.0 0 845
154 845 5.53 0 0.0 0 845
156 845 5.53 0 0.0 0 845
158 845 5.53 0 0.0 0 845
160 845 5.53 0 0.0 0 845
162 845 5.53 0 0.0 0 845
164 845 5.53 0 0.0 0 845
166 845 5.53 0 0.0 0 845
168 845 5.53 0 0.0 0 845
170 845 5.53 0 0.0 0 845
172 845 5.53 0 0.0 0 845
174 845 5.53 0 0.0 0 845
176 845 5.53 0 0.0 0 845
178 845 5.53 0 0.0 0 845
180 845 5.53 0 0.0 0 845
182 845 5.53 0 0.0 0 845
184 845 5.53 0 0.0 0 845
186 845 5.53 0 0.0 0 845
188 845 5.53 0 0.0 0 845
190 845 5.53 0 0.0 0 845
192 845 5.53 0 0.0 0 845
194 845 5.53 0 0.0 0 845
196 845 5.53 0 0.0 0 845
198 845 5.53 0 0.0 0 845
200 845 5.53 0 0.0 0 845
202 845 5.53 0 0.0 0 845
204 845 5.53 0 0.0 0 845
206 845 5.53 0 0.0 0 845
208 845 5.53 0 0.0 0 845
210 845 5.53 0 0.0 0 845
212 845 5.53 0 0.0 0 845
214 845 5.53 0 0.0 0 845
216 845 5.53 0 0.0 0 845
218 845 5.53 0 0.0 0 845
220 845 5.53 0 0.0 0 845
222 845 5.53 0 0.0 0 845
224 845 5.53 0 0.0 0 845
226 845 5.53 0 0.0 0 845
228 845 5.53 0 0.0 0 845
230 845 5.53 0 0.0 0 845
232 845 5.53 0 0.0 0 845
234 845 5.53 0 0.0 0 845
236 845 5.53 0 0.0 0 845
238 845 5.53 0 0.0 0 845
240 845 5.53 0 0.0 0 845
242 845 5.53 0 0.0 0 845
244 845 5.53 0 0.0 0 845
246 845 5.53 0 0.0 0 845
248 845 5.53 0 0.0 0 845
250 845 5.53 0 0.0 0 845
252 845 5.53 0 0.0 0 845
254 845 5.53 0 0.0 0 845
256 845 5.53 0 0.0 0 845
258 845 5.53 0 0.0 0 845
260 845 5.53 0 0.0 0 845
262 845 5.53 0 0.0 0 845
264 845 5.53 0 0.0 0 845
266 845 5.53 0 0.0 0 845
268 845 5.53 0 0.0 0 845
270 845 5.53 0 0.0 0 845
272 845 5.53 0 0.0 0 845
274 845 5.53 0 0.0 0 845
276 845 5.53 0 0.0 0 845
278 845 5.53 0 0.0 0 845
280 845 5.53 0 0.0 0 845
282 845 5.53 0 0.0 0 845
284 845 5.53 0 0.0 0 845
286 845 5.53 0 0.0 0 845
288 845 5.53 0 0.0 0 845
290 845 5.53 0 0.0 0 845
292 845 5.53 0 0.0 0 845
294 845 5.53 0 0.0 0 845
296 845 5.53 0 0.0 0 845
298 845 5.53 0 0.0 0 845
300 845 5.53 0 0.0 0 845
302 845 5.53 0 0.0 0 845
304 845 5.53 0 0.0 0 845
306 845 5.53 0 0.0 0 845
308 845 5.53 0 0.0 0 845
310 845 5.53 0 0.0 0 845
312 845 5.53 0 0.0 0 845
314 845 5.53 0 0.0 0 845
316 845 5.53 0 0.0 0 845
318 845 5.53 0 0.0 0 845
320 845 5.53 0 0.0 0 845
322 845 5.53 0 0.0 0 845
324 845 5.53 0 0.0 0 845
326 845 5.53 0 0.0 0 845
328 845 5.53 0 0.0 0 845
330 845 5.53 0 0.0 0 845
332 845 5.53 0 0.0 0 845
334 845 5.53 0 0.0 0 845
336 845 5.53 0 0.0 0 845
338 845 5.53 0 0.0 0 845
340 845 5.53 0 0.0 0 845
342 845 5.53 0 0.0 0 845
344 845 5.53 0 0.0 0 845
346 845 5.53 0 0.0 0 845
348 845 5.53 0 0.0 0 845
350 845 5.53 0 0.0 0 845
352 845 5.53 0 0.0 0 845
354 845 5.53 0 0.0 0 845
356 845 5.53 0 0.0 0 845
358 845 5.53 0 0.0 0 845
360 845 5.53 0 0.0 0 845
362 845 5.53 0 0.0 0 845
364 845 5.53 0 0.0 0 845
366 845 5.53 0 0.0 0 845
368 845 5.53 0 0.0 0 845
370 845 5.53 0 0.0 0 845
372 845 5.53 0 0.0 0 845
374 845 5.53 0 0.0 0 845
376 845 5.53 0 0.0 0 845
378 845 5.53 0 0.0 0 845
380 845 5.53 0 0.0 0 845
382 845 5.53 0 0.0 0 845
384 845 5.53 0 0.0 0 845
386 845 5.53 0 0.0 0 845
388 845 5.53 0 0.0 0 845
390 845 5.53 0 0.0 0 845
392 845 5.53 0 0.0 0 845
394 845 5.53 0 0.0 0 845
396 845 5.53 0 0.0 0 845
398 845 5.53 0 0.0 0 845
400 845 5.53 0 0.0 0 845
402 845 5.53 0 0.0 0 845
404 845 5.53 0 0.0 0 845
406 845 5.53 0 0.0 0 845
408 845 5.53 0 0.0 0 845
410 845 5.53 0 0.0 0 845
412 845 5.53 0 0.0 0 845
414 845 5.53 0 0.0 0 845
416 845 5.53 0 0.0 0 845
418 845 5.53 0 0.0 0 845
420 845 5.53 0 0.0 0 845
422 845 5.53 0 0.0 0 845
424 845 5.53 0 0.0 0 845
426 845 5.53 0 0.0 0 845
428 845 5.53 0 0.0 0 845
430 845 5.53 0 0.0 0 845
432 845 5.53 0 0.0 0 845
434 845 5.53 0 0.0 0 845
436 845 5.53 0 0.0 0 845
438 845 5.53 0 0.0 0 845
440 845 5.53 0 0.0 0 845
442 845 5.53 0 0.0 0 845
444 845 5.53 0 0.0 0 845
446 845 5.53 0 0.0 0 845
448 845 5.53 0 0.0 0 845
450 845 5.53 0 0.0 0 845
452 845 5.53 0 0.0 0 845
454 845 5.53 0 0.0 0 845
456 845 5.53 0 0.0 0 845
458 845 5.53 0 0.0 0 845
460 845 5.53 0 0.0 0 845
462 845 5.53 0 0.0 0 845
464 845 5.53 0 0.0 0 845
466 845 5.53 0 0.0 0 845
468 845 5.53 0 0.0 0 845
470 845 5.53 0 0.0 0 845
472 845 5.53 0 0.0 0 845
474 845 5.53 0 0.0 0 845
476 845 5.53 0 0.0 0 845
478 845 5.53 0 0.0 0 845
480 845 5.53 0 0.0 0 845
482 845 5.53 0 0.0 0 845
484 845 5.53 0 0.0 0 845
486 845 5.53 0 0.0 0 845
488 845 5.53 0 0.0 0 845
490 845 5.53 0 0.0 0 845
492 845 5.53 0 0.0 0 845
494 845 5.53 0 0.0 0 845
496 845 5.53 0 0.0 0 845
498 845 5.53 0 0.0 0 845
500 845 5.53 0 0.0 0 845
502 845 5.53 0 0.0 0 845
504 845 5.53 0 0.0 0 845
506 845 5.53 0 0.0 0 845
508 845 5.53 0 0.0 0 845
510 845 5.53 0 0.0 0 845
512 845 5.53 0 0.0 0 845
514 845 5.53 0 0.0 0 845
516 845 5.53 0 0.0 0 845
518 845 5.53 0 0.0 0 845
520 845 5.53 0 0.0 0 845
522 845 5.53 0 0.0 0 845
524 845 5.53 0 0.0 0 845
526 845 5.53 0 0.0 0 845
528 845 5.53 0 0.0 0 845
530 845 5.53 0 0.0 0 845
532 845 5.53 0 0.0 0 845
534 845 5.53 0 0.0 0 845
536 845 5.53 0 0.0 0 845
538 845 5.53 0 0.0 0 845
540 845 5.53 0 0.0 0 845
542 845 5.53 0 0.0 0 845
544 845 5.53 0 0.0 0 845
546 845 5.53 0 0.0 0 845
548 845 5.53 0 0.0 0 845
550 845 5.53 0 0.0 0 845
552 845 5.53 0 0.0 0 845
554 845 5.53 0 0.0 0 845
556 845 5.53 0 0.0 0 845
558 845 5.53 0 0.0 0 845
560 845 5.53 0 0.0 0 845
562 845 5.53 0 0.0 0 845
564 845 5.53 0 0.0 0 845
566 845 5.53 0 0.0 0 845
568 845 5.53 0 0.0 0 845
570 845 5.53 0 0.0 0 845
572 845 5.53 0 0.0 0 845
574 845 5.53 0 0.0 0 845
576 845 5.53 0 0.0 0 845
578 845 5.53 0 0.0 0 845
580 845 5.53 0 0.0 0 845
582 845 5.53 0 0.0 0 845
584 845 5.53 0 0.0 0 845
586 845 5.53 0 0.0 0 845
588 845 5.53 0 0.0 0 845
590 845 5.53 0 0.0 0 845
592 845 5.53 0 0.0 0 845
594 845 5.53 0 0.0 0 845
596 845 5.53 0 0.0 0 845
598 845 5.53 0 0.0 0 845
600 845 5.53 0 0.0 0 845
602 845 5.53 0 0.0 0 845
604 845 5.53 0 0.0 0 845
606 845 5.53 0 0.0 0 845
608 845 5.53 0 0.0 0 845
610 845 5.53 0 0.0 0 845
612 845 5.53 0 0.0 0 845
614 845 5.53 0 0.0 0 845
616 845 5.53 0 0.0 0 845
618 845 5.53 0 0.0 0 845
620 845 5.53 0 0.0 0 845
622 845 5.53 0 0.0 0 845
624 845 5.53 0 0.0 0 845
626 845 5.53 0 0.0 0 845
628 845 5.53 0 0.0 0 845
630 845 5.53 0 0.0 0 845
632 845 5.53 0 0.0 0 845
634 845 5.53 0 0.0 0 845
636 845 5.53 0 0.0 0 845
638 845 5.53 0 0.0 0 845
640 845 5.53 0 0.0 0 845
642 845 5.53 0 0.0 0 845
644 845 5.53 0 0.0 0 845
646 845 5.53 0 0.0 0 845
648 845 5.53 0 0.0 0 845
650 845 5.53 0 0.0 0 845
652 845 5.53 0 0.0 0 845
654 845 5.53 0 0.0 0 845
656 845 5.53 0 0.0 0 845
658 845 5.53 0 0.0 0 845
660 845 5.53 0 0.0 0 845
662 845 5.53 0 0.0 0 845
664 845 5.53 0 0.0 0 845
666 845 5.53 0 0.0 0 845
668 845 5.53 0 0.0 0 845
670 845 5.53 0 0.0 0 845
672 845 5.53 0 0.0 0 845
674 845 5.53 0 0.0 0 845
676 845 5.53 0 0.0 0 845
678 845 5.53 0 0.0 0 845
680 845 5.53 0 0.0 0 845
682 845 5.53 0 0.0 0 845
684 845 5.53 0 0.0 0 845
686 845 5.53 0 0.0 0 845
688 845 5.53 0 0.0 0 845
690 845 5.53 0 0.0 0 845
692 845 5.53 0 0.0 0 845
694 845 5.53 0 0.0 0 845
696 845 5.53 0 0.0 0 845
698 845 5.53 0 0.0 0 845
700 845 5.53 0 0.0 0 845
702 845 5.53 0 0.0 0 845
704 845 5.53 0 0.0 0 845
706 845 5.53 0 0.0 0 845
708 845 5.53 0 0.0 0 845
710 845 5.53 0 0.0 0 845
712 845 5.53 0 0.0 0 845
714 845 5.53 0 0.0 0 845
716 845 5.53 0 0.0 0 845
718 845 5.53 0 0.0 0 845
720 845 5.53 0 0.0 0 845
722 845 5.53 0 0.0 0 845
724 845 5.53 0 0.0 0 845
726 845 5.53 0 0.0 0 845
728 845 5.53 0 0.0 0 845
730 845 5.53 0 0.0 0 845
732 845 5.53 0 0.0 0 845
734 845 5.53 0 0.0 0 845
736 845 5.53 0 0.0 0 845
738 845 5.53 0 0.0 0 845
740 845 5.53 0 0.0 0 845
742 845 5.53 0 0.0 0 845
744 845 5.53 0 0.0 0 845
746 845 5.53 0 0.0 0 845
748 845 5.53 0 0.0 0 845
750 845 5.53 0 0.0 0 845
752 845 5.53 0 0.0 0 845
754 845 5.53 0 0.0 0 845
756 845 5.53 0 0.0 0 845
758 845 5.53 0 0.0 0 845
760 845 5.53 0 0.0 0 845
762 845 5.53 0 0.0 0 845
764 845 5.53 0 0.0 0 845
766 845 5.53 0 0.0 0 845
768 845 5.53 0 0.0 0 845
770 845 5.53 0 0.0 0 845
772 845 5.53 0 0.0 0 845
774 845 5.53 0 0.0 0 845
776 845 5.53 0 0.0 0 845
778 845 5.53 0 0.0 0 845
780 845 5.53 0 0.0 0 845
782 845 5.53 0 0.0 0 845
784 845 5.53 0 0.0 0 845
786 845 5.53 0 0.0 0 845
788 845 5.53 0 0.0 0 845
790 845 5.53 0 0.0 0 845
792 845 5.53 0 0.0 0 845
794 845 5.53 0 0.0 0 845
796 845 5.53 0 0.0 0 845
798 845 5.53 0 0.0 0 845
800 845 5.53 0 0.0 0 845
802 845 5.53 0 0.0 0 845
804 845 5.53 0 0.0 0 845
806 845 5.53 0 0.0 0 845
808 845 5.53 0 0.0 0 845
810 845 5.53 0 0.0 0 845
812 845 5.53 0 0.0 0 845
814 845 5.53 0 0.0 0 845
816 845 5.53 0 0.0 0 845
818 845 5.53 0 0.0 0 845
820 845 5.53 0 0.0 0 845
822 845 5.53 0 0.0 0 845
824 845 5.53 0 0.0 0 845
826 845 5.53 0 0.0 0 845
828 845 5.53 0 0.0 0 845
830 845 5.53 0 0.0 0 845
832 845 5.53 0 0.0 0 845
834 845 5.53 0 0.0 0 845
836 845 5.53 0 0.0 0 845
838 845 5.53 0 0.0 0 845
840 845 5.53 0 0.0 0 845
842 845 5.53 0 0.0 0 845
844 845 5.53 0 0.0 0 845
846 845 5.53 0 0.0 0 845
848 845 5.53 0 0.0 0 845
850 845 5.53 0 0.0 0 845
852 845 5.53 0 0.0 0 845
854 845 5.53 0 0.0 0 845
856 845 5.53 0 0.0 0 845
858 845 5.53 0 0.0 0 845
860 845 5.53 0 0.0 0 845
862 845 5.53 0 0.0 0 845
864 845 5.53 0 0.0 0 845
866 845 5.53 0 0.0 0 845
868 845 5.53 0 0.0 0 845
870 845 5.53 0 0.0 0 845
872 845 5.53 0 0.0 0 845
874 845 5.53 0 0.0 0 845
876 845 5.53 0 0.0 0 845
878 845 5.53 0 0.0 0 845
880 845 5.53 0 0.0 0 845
882 845 5.53 0 0.0 0 845
884 845 5.53 0 0.0 0 845
886 845 5.53 0 0.0 0 845
888 845 5.53 0 0.0 0 845
890 845 5.53 0 0.0 0 845
892 845 5.53 0 0.0 0 845
894 845 5.53 0 0.0 0 845
896 845 5.53 0 0.0 0 845
898 844 5.53 0 0.0 1 845
900 844 5.53 0 0.0 1 844
902 844 5.53 0 0.0 1 844
904 844 5.53 0 0.0 1 844
906 844 5.53 0 0.0 1 844
908 844 5.53 0 0.0 1 844
910 844 5.53 0 0.0 1 844
912 844 5.53 0 0.0 1 844
914 844 5.53 0 0.0 1 844
916 844 5.53 0 0.0 1 844
918 844 5.53 0 0.0 1 844
920 844 5.53 0 0.0 1 844
922 844 5.53 0 0.0 1 844
924 844 5.53 0 0.0 1 844
926 844 5.53 0 0.0 1 844
928 844 5.53 0 0.0 1 844
930 843 5.52 0 0.0 2 844
932 843 5.52 0 0.0 2 843
934 843 5.52 0 0.0 2 843
936 843 5.52 0 0.0 2 843
938 843 5.52 0 0.0 2 843
940 843 5.52 0 0.0 2 843
942 843 5.52 0 0.0 2 843
944 843 5.52 0 0.0 2 843
946 843 5.52 0 0.0 2 843
948 843 5.52 0 0.0 2 843
950 843 5.52 0 0.0 2 843
952 843 5.52 0 0.0 2 843
954 843 5.52 0 0.0 2 843
956 843 5.52 0 0.0 2 843
958 843 5.52 0 0.0 2 843
960 843 5.52 0 0.0 2 843
962 843 5.52 0 0.0 2 843
964 843 5.52 0 0.0 2 843
966 843 5.52 0 0.0 2 843
968 843 5.52 0 0.0 2 843
970 843 5.52 0 0.0 2 843
972 843 5.52 0 0.0 2 843
974 843 5.52 0 0.0 2 843
976 843 5.52 0 0.0 2 843
978 843 5.52 0 0.0 2 843
980 843 5.52 0 0.0 2 843
982 843 5.52 0 0.0 2 843
984 843 5.52 0 0.0 2 843
986 843 5.52 0 0.0 2 843
988 843 5.52 0 0.0 2 843
990 843 5.52 0 0.0 2 843
992 843 5.52 0 0.0 2 843
994 843 5.52 0 0.0 2 843
996 843 5.52 0 0.0 2 843
998 843 5.52 0 0.0 2 843
1000 843 5.52 0 0.0 2 843
1002 843 5.52 0 0.0 2 843
1004 843 5.52 0 0.0 2 843
1006 843 5.52 0 0.0 2 843
1008 843 5.52 0 0.0 2 843
1010 843 5.52 0 0.0 2 843
1012 843 5.52 0 0.0 2 843
1014 843 5.52 0 0.0 2 843
1016 843 5.52 0 0.0 2 843
1018 843 5.52 0 0.0 2 843
1020 842 5.51 0 0.0 3 843
1022 842 5.51 0 0.0 3 842
1024 842 5.51 0 0.0 3 842
1026 842 5.51 0 0.0 3 842
1028 842 5.51 0 0.0 3 842
1030 842 5.51 0 0.0 3 842
1032 842 5.51 0 0.0 3 842
1034 842 5.51 0 0.0 3 842
1036 842 5.51 0 0.0 3 842
1038 842 5.51 0 0.0 3 842
1040 842 5.51 0 0.0 3 842
1042 842 5.51 0 0.0 3 842
1044 842 5.51 0 0.0 3 842
1046 842 5.51 0 0.0 3 842
1048 842 5.51 0 0.0 3 842
1050 842 5.51 0 0.0 3 842
1052 842 5.51 0 0.0 3 842
1054 842 5.51 0 0.0 3 842
1056 842 5.51 0 0.0 3 842
1058 842 5.51 0 0.0 3 842
1060 842 5.51 0 0.0 3 842
1062 842 5.51 0 0.0 3 842
1064 842 5.51 0 0.0 3 842
1066 842 5.51 0 0.0 3 842
1068 842 5.51 0 0.0 3 842
1070 842 5.51 0 0.0 3 842
1072 842 5.51 0 0.0 3 842
1074 842 5.51 0 0.0 3 842
1076 842 5.51 0 0.0 3 842
1078 842 5.51 0 0.0 3 842
1080 842 5.51 0 0.0 3 842
1082 842 5.51 0 0.0 3 842
1084 842 5.51 0 0.0 3 842
1086 842 5.51 0 0.0 3 842
1088 842 5.51 0 0.0 3 842
1090 842 5.51 0 0.0 3 842
1092 842 5.51 0 0.0 3 842
1094 842 5.51 0 0.0 3 842
1096 842 5.51 0 0.0 3 842
1098 842 5.51 0 0.0 3 842
1100 842 5.51 0 0.0 3 842
1102 842 5.51 0 0.0 3 842
1104 842 5.51 0 0.0 3 842
1106 842 5.51 0 0.0 3 842
1108 842 5.51 0 0.0 3 842
1110 842 5.51 0 0.0 3 842
1112 842 5.51 0 0.0 3 842
1114 842 5.51 0 0.0 3 842
1116 842 5.51 0 0.0 3 842
1118 842 5.51 0 0.0 3 842
1120 842 5.51 0 0.0 3 842
1122 842 5.51 0 0.0 3 842
1124 842 5.51 0 0.0 3 842
1126 842 5.51 0 0.0 3 842
1128 842 5.51 0 0.0 3 842
1130 842 5.51 0 0.0 3 842
1132 842 5.51 0 0.0 3 842
1134 842 5.51 0 0.0 3 842
1136 842 5.51 0 0.0 3 842
1138 842 5.51 0 0.0 3 842
1140 842 5.51 0 0.0 3 842
1142 842 5.51 0 0.0 3 842
1144 842 5.51 0 0.0 3 842
1146 842 5.51 0 0.0 3 842
1148 842 5.51 0 0.0 3 842
1150 842 5.51 0 0.0 3 842
1152 842 5.51 0 0.0 3 842
1154 842 5.51 0 0.0 3 842
1156 842 5.51 0 0.0 3 842
1158 842 5.51 0 0.0 3 842
1160 842 5.51 0 0.0 3 842
1162 842 5.51 0 0.0 3 842
1164 842 5.51 0 0.0 3 842
1166 842 5.51 0 0.0 3 842
1168 842 5.51 0 0.0 3 842
1170 842 5.51 0 0.0 3 842
1172 842 5.51 0 0.0 3 842
1174 842 5.51 0 0.0 3 842
1176 842 5.51 0 0.0 3 842
1178 842 5.51 0 0.0 3 842
1180 842 5.51 0 0.0 3 842
1182 842 5.51 0 0.0 3 842
1184 842 5.51 0 0.0 3 842
1186 842 5.51 0 0.0 3 842
1188 842 5.51 0 0.0 3 842
1190 842 5.51 0 0.0 3 842
1192 842 5.51 0 0.0 3 842
1194 842 5.51 0 0.0 3 842
1196 842 5.51 0 0.0 3 842
1198 842 5.51 0 0.0 3 842
1200 842 5.51 0 0.0 3 842
1202 842 5.51 0 0.0 3 842
1204 842 5.51 0 0.0 3 842
1206 842 5.51 0 0.0 3 842
1208 842 5.51 0 0.0 3 842
1210 842 5.51 0 0.0 3 842
1212 842 5.51 0 0.0 3 842
1214 842 5.51 0 0.0 3 842
1216 842 5.51 0 0.0 3 842
1218 842 5.51 0 0.0 3 842
1220 842 5.51 0 0.0 3 842
1222 842 5.51 0 0.0 3 842
1224 842 5.51 0 0.0 3 842
1226 842 5.51 0 0.0 3 842
1228 842 5.51 0 0.0 3 842
1230 842 5.51 0 0.0 3 842
1232 842 5.51 0 0.0 3 842
1234 842 5.51 0 0.0 3 842
1236 842 5.51 0 0.0 3 842
1238 842 5.51 0 0.0 3 842
1240 842 5.51 0 0.0 3 842
1242 842 5.51 0 0.0 3 842
1244 842 5.51 0 0.0 3 842
1246 842 5.51 0 0.0 3 842
1248 842 5.51 0 0.0 3 842
1250 842 5.51 0 0.0 3 842
1252 842 5.51 0 0.0 3 842
1254 842 5.51 0 0.0 3 842
1256 842 5.51 0 0.0 3 842
1258 842 5.51 0 0.0 3 842
1260 842 5.51 0 0.0 3 842
1262 842 5.51 0 0.0 3 842
1264 842 5.51 0 0.0 3 842
1266 842 5.51 0 0.0 3 842
1268 842 5.51 0 0.0 3 842
1270 841 5.51 0 0.0 4 842
1272 841 5.51 0 0.0 4 841
1274 841 5.51 0 0.0 4 841
1276 841 5.51 0 0.0 4 841
1278 841 5.51 0 0.0 4 841
1280 841 5.51 0 0.0 4 841
1282 841 5.51 0 0.0 4 841
1284 841 5.51 0 0.0 4 841
1286 841 5.51 0 0.0 4 841
1288 841 5.51 0 0.0 4 841
1290 841 5.51 0 0.0 4 841
1292 841 5.51 0 0.0 4 841
1294 841 5.51 0 0.0 4 841
1296 841 5.51 0 0.0 4 841
1298 841 5.51 0 0.0 4 841
1300 841 5.51 0 0.0 4 841
1302 841 5.51 0 0.0 4 841
1304 841 5.51 0 0.0 4 841
1306 841 5.51 0 0.0 4 841
1308 841 5.51 0 0.0 4 841
1310 841 5.51 0 0.0 4 841
1312 841 5.51 0 0.0 4 841
1314 841 5.51 0 0.0 4 841
1316 841 5.51 0 0.0 4 841
1318 841 5.51 0 0.0 4 841
1320 841 5.51 0 0.0 4 841
1322 841 5.51 0 0.0 4 841
1324 841 5.51 0 0.0 4 841
1326 841 5.51 0 0.0 4 841
1328 841 5.51 0 0.0 4 841
1330 841 5.51 0 0.0 4 841
1332 841 5.51 0 0.0 4 841
1334 841 5.51 0 0.0 4 841
1336 840 5.5 0 0.0 5 841
1338 840 5.5 0 0.0 5 840
1340 840 5.5 0 0.0 5 840
1342 840 5.5 0 0.0 5 840
1344 840 5.5 0 0.0 5 840
1346 840 5.5 0 0.0 5 840
1348 840 5.5 0 0.0 5 840
1350 840 5.5 0 0.0 5 840
1352 840 5.5 0 0.0 5 840
1354 840 5.5 0 0.0 5 840
1356 840 5.5 0 0.0 5 840
1358 840 5.5 0 0.0 5 840
1360 840 5.5 0 0.0 5 840
1362 840 5.5 0 0.0 5 840
1364 840 5.5 0 0.0 5 840
1366 840 5.5 0 0.0 5 840
1368 840 5.5 0 0.0 5 840
1370 840 5.5 0 0.0 5 840
1372 840 5.5 0 0.0 5 840
1374 840 5.5 0 0.0 5 840
1376 840 5.5 0 0.0 5 840
1378 840 5.5 0 0.0 5 840
1380 840 5.5 0 0.0 5 840
1382 840 5.5 0 0.0 5 840
1384 840 5.5 0 0.0 5 840
1386 840 5.5 0 0.0 5 840
1388 840 5.5 0 0.0 5 840
1390 840 5.5 0 0.0 5 840
1392 840 5.5 0 0.0 5 840
1394 840 5.5 0 0.0 5 840
1396 840 5.5 0 0.0 5 840
1398 840 5.5 0 0.0 5 840
1400 840 5.5 0 0.0 5 840
1402 840 5.5 0 0.0 5 840
1404 840 5.5 0 0.0 5 840
1406 840 5.5 0 0.0 5 840
1408 840 5.5 0 0.0 5 840
1410 840 5.5 0 0.0 5 840
1412 840 5.5 0 0.0 5 840
1414 840 5.5 0 0.0 5 840
1416 840 5.5 0 0.0 5 840
1418 840 5.5 0 0.0 5 840
1420 840 5.5 0 0.0 5 840
1422 840 5.5 0 0.0 5 840
1424 840 5.5 0 0.0 5 840
1426 840 5.5 0 0.0 5 840
1428 840 5.5 0 0.0 5 840
1430 839 5.49 0 0.0 6 840
1432 839 5.49 0 0.0 6 839
1434 839 5.49 0 0.0 6 839
1436 839 5.49 0 0.0 6 839
1438 839 5.49 0 0.0 6 839
1440 839 5.49 0 0.0 6 839
