Time Custom..._Count Custom..._Conc Glycerol_Count Glycerol_Conc Custom..._Died bacteria_couldn't_eat
0 43 0.21 57811 2.76 0 0
2 43 0.21 57811 2.76 0 0
4 43 0.21 57795 2.76 0 0
6 43 0.21 57758 2.76 0 0
8 43 0.22 57731 2.76 0 0
10 43 0.22 57700 2.75 0 0
12 43 0.22 57665 2.75 0 0
14 43 0.22 57632 2.75 0 0
16 43 0.23 57597 2.75 0 0
18 43 0.23 57567 2.75 0 0
20 43 0.23 57530 2.75 0 0
22 43 0.24 57492 2.74 0 0
24 43 0.24 57454 2.74 0 0
26 43 0.24 57412 2.74 0 0
28 43 0.24 57375 2.74 0 0
30 43 0.25 57334 2.74 0 0
32 43 0.25 57295 2.74 0 0
34 43 0.25 57251 2.73 0 0
36 43 0.26 57211 2.73 0 0
38 43 0.26 57173 2.73 0 0
40 43 0.27 57130 2.73 0 0
42 43 0.27 57088 2.73 0 0
44 43 0.27 57045 2.72 0 0
46 43 0.28 57001 2.72 0 0
48 43 0.28 56957 2.72 0 0
50 43 0.28 56912 2.72 0 0
52 43 0.29 56869 2.72 0 0
54 43 0.29 56825 2.71 0 0
56 43 0.29 56782 2.71 0 0
58 43 0.3 56740 2.71 0 0
60 43 0.3 56696 2.71 0 0
62 43 0.3 56653 2.7 0 0
64 43 0.31 56611 2.7 0 0
66 43 0.31 56567 2.7 0 0
68 43 0.32 56524 2.7 0 0
70 43 0.32 56480 2.7 0 0
72 43 0.32 56437 2.69 0 0
74 43 0.33 56394 2.69 0 0
76 43 0.33 56351 2.69 0 0
78 43 0.33 56308 2.69 0 0
80 43 0.34 56263 2.69 0 0
82 43 0.34 56220 2.68 0 0
84 43 0.34 56177 2.68 0 0
86 43 0.35 56133 2.68 0 0
88 43 0.35 56089 2.68 0 0
90 43 0.35 56046 2.68 0 0
92 43 0.36 56003 2.67 0 0
94 43 0.36 55958 2.67 0 0
96 43 0.37 55912 2.67 0 0
98 43 0.37 55868 2.67 0 0
100 43 0.37 55824 2.67 0 0
102 43 0.38 55780 2.66 0 0
104 43 0.38 55734 2.66 0 0
106 43 0.38 55689 2.66 0 0
108 43 0.39 55644 2.66 0 0
110 43 0.39 55597 2.65 0 0
112 43 0.4 55544 2.65 0 0
114 44 0.4 55497 2.65 0 0
116 44 0.4 55452 2.65 0 0
118 47 0.41 55401 2.65 0 0
120 54 0.41 55350 2.64 0 0
122 62 0.42 55300 2.64 0 0
124 67 0.42 55241 2.64 0 0
126 79 0.42 55183 2.63 0 0
128 84 0.43 55128 2.63 0 0
130 85 0.43 55070 2.63 0 0
132 85 0.44 55015 2.63 0 0
134 85 0.44 54953 2.62 0 0
136 85 0.45 54888 2.62 0 0
138 86 0.46 54832 2.62 0 0
140 86 0.46 54764 2.61 0 0
142 86 0.47 54699 2.61 0 0
144 86 0.47 54627 2.61 0 0
146 86 0.48 54547 2.6 0 0
148 86 0.48 54478 2.6 0 0
150 86 0.49 54400 2.6 0 0
152 86 0.5 54320 2.59 0 0
154 86 0.5 54238 2.59 0 0
156 86 0.51 54155 2.59 0 0
158 86 0.52 54076 2.58 0 0
160 86 0.52 53991 2.58 0 0
162 86 0.53 53910 2.57 0 0
164 86 0.54 53823 2.57 0 0
166 86 0.55 53738 2.57 0 0
168 86 0.55 53652 2.56 0 0
170 86 0.56 53564 2.56 0 0
172 86 0.57 53479 2.55 0 0
174 86 0.57 53395 2.55 0 0
176 86 0.58 53309 2.55 0 0
178 86 0.59 53224 2.54 0 0
180 86 0.6 53137 2.54 0 0
182 86 0.6 53051 2.53 0 0
184 86 0.61 52965 2.53 0 0
186 86 0.62 52878 2.52 0 0
188 86 0.62 52792 2.52 0 0
190 86 0.63 52706 2.52 0 0
192 86 0.64 52619 2.51 0 0
194 86 0.64 52533 2.51 0 0
196 86 0.65 52446 2.5 0 0
198 86 0.66 52360 2.5 0 0
200 86 0.67 52273 2.5 0 0
202 86 0.67 52186 2.49 0 0
204 86 0.68 52100 2.49 0 0
206 86 0.69 52014 2.48 0 0
208 86 0.69 51927 2.48 0 0
210 86 0.7 51838 2.47 0 0
212 86 0.71 51751 2.47 0 0
214 86 0.72 51663 2.47 0 0
216 86 0.72 51574 2.46 0 0
218 86 0.73 51486 2.46 0 0
220 86 0.74 51394 2.45 0 0
222 86 0.75 51304 2.45 0 0
224 86 0.75 51210 2.45 0 0
226 86 0.76 51119 2.44 0 0
228 86 0.77 51028 2.44 0 0
230 86 0.78 50934 2.43 0 0
232 86 0.78 50845 2.43 0 0
234 87 0.79 50752 2.42 0 0
236 93 0.8 50658 2.42 0 0
238 99 0.81 50558 2.41 0 0
240 104 0.81 50461 2.41 0 0
242 112 0.82 50356 2.4 0 0
244 126 0.83 50245 2.4 0 0
246 137 0.84 50134 2.39 0 0
248 146 0.85 50014 2.39 0 0
250 155 0.86 49895 2.38 0 0
252 161 0.87 49787 2.38 0 0
254 166 0.88 49670 2.37 0 0
256 169 0.89 49539 2.36 0 0
258 170 0.9 49407 2.36 0 0
260 171 0.91 49281 2.35 0 0
262 172 0.92 49141 2.35 0 0
264 172 0.94 48998 2.34 0 0
266 172 0.95 48853 2.33 0 0
268 172 0.96 48701 2.33 0 0
270 172 0.97 48553 2.32 0 0
272 172 0.99 48387 2.31 0 0
274 172 1.0 48226 2.3 0 0
276 172 1.01 48058 2.29 0 0
278 172 1.03 47894 2.29 0 0
280 172 1.04 47730 2.28 0 0
282 172 1.05 47563 2.27 0 0
284 172 1.07 47391 2.26 0 0
286 172 1.08 47221 2.25 0 0
288 172 1.1 47051 2.25 0 0
290 172 1.11 46877 2.24 0 0
292 172 1.13 46705 2.23 0 0
294 172 1.14 46534 2.22 0 0
296 172 1.15 46362 2.21 0 0
298 172 1.17 46193 2.21 0 0
300 172 1.18 46021 2.2 0 0
302 172 1.2 45851 2.19 0 0
304 172 1.21 45677 2.18 0 0
306 172 1.22 45505 2.17 0 0
308 172 1.24 45332 2.16 0 0
310 172 1.25 45160 2.16 0 0
312 172 1.27 44989 2.15 0 0
314 172 1.28 44815 2.14 0 0
316 172 1.3 44641 2.13 0 0
318 172 1.31 44467 2.12 0 0
320 172 1.32 44295 2.12 0 0
322 172 1.34 44119 2.11 0 0
324 172 1.35 43944 2.1 0 0
326 172 1.37 43772 2.09 0 0
328 172 1.38 43596 2.08 0 0
330 172 1.4 43420 2.07 0 0
332 172 1.41 43246 2.07 0 0
334 172 1.42 43070 2.06 0 0
336 172 1.44 42893 2.05 0 0
338 172 1.45 42717 2.04 0 0
340 172 1.47 42538 2.03 0 0
342 172 1.48 42356 2.02 0 0
344 172 1.5 42171 2.01 0 0
346 172 1.51 41982 2.01 0 0
348 172 1.53 41797 2.0 0 0
350 175 1.54 41615 1.99 0 0
352 178 1.56 41424 1.98 0 0
354 183 1.57 41230 1.97 0 0
356 186 1.59 41039 1.96 0 0
358 194 1.61 40842 1.95 0 0
360 208 1.62 40642 1.94 0 0
362 223 1.64 40440 1.93 0 0
364 242 1.66 40216 1.92 0 0
366 260 1.68 40001 1.91 0 0
368 280 1.7 39776 1.9 0 0
370 293 1.71 39549 1.89 0 0
372 307 1.73 39312 1.88 0 0
374 322 1.75 39077 1.86 0 0
376 332 1.78 38828 1.85 0 0
378 343 1.8 38576 1.84 0 0
380 344 1.82 38301 1.83 0 0
382 344 1.84 38044 1.82 0 0
384 344 1.86 37757 1.8 0 0
386 344 1.89 37474 1.79 0 0
388 344 1.91 37178 1.77 0 0
390 344 1.94 36884 1.76 0 0
392 344 1.96 36572 1.75 0 0
394 344 1.99 36262 1.73 0 0
396 344 2.01 35946 1.72 0 0
398 344 2.04 35621 1.7 0 0
400 344 2.07 35292 1.68 0 0
402 344 2.1 34957 1.67 0 0
404 344 2.12 34622 1.65 0 0
406 344 2.15 34278 1.64 0 0
408 344 2.18 33939 1.62 0 0
410 344 2.21 33600 1.6 0 0
412 344 2.24 33258 1.59 0 0
414 344 2.26 32917 1.57 0 0
416 344 2.29 32576 1.56 0 0
418 344 2.32 32228 1.54 0 0
420 344 2.35 31883 1.52 0 0
422 344 2.38 31539 1.51 0 0
424 344 2.41 31194 1.49 0 0
426 344 2.43 30847 1.47 0 0
428 344 2.46 30503 1.46 0 0
430 344 2.49 30158 1.44 0 0
432 344 2.52 29813 1.42 0 0
434 344 2.55 29468 1.41 0 0
436 344 2.58 29123 1.39 0 0
438 344 2.6 28780 1.37 0 0
440 344 2.63 28432 1.36 0 0
442 344 2.66 28085 1.34 0 0
444 344 2.69 27737 1.33 0 0
446 344 2.72 27391 1.31 0 0
448 344 2.75 27044 1.29 0 0
450 344 2.78 26695 1.28 0 0
452 344 2.8 26341 1.26 0 0
454 344 2.83 25986 1.24 0 0
456 344 2.86 25632 1.22 0 0
458 344 2.89 25279 1.21 0 0
460 344 2.92 24919 1.19 0 0
462 344 2.95 24556 1.17 0 0
464 344 2.98 24197 1.16 0 0
466 345 3.01 23822 1.14 0 0
468 349 3.04 23461 1.12 0 0
470 352 3.07 23084 1.1 0 0
472 357 3.1 22707 1.08 0 0
474 366 3.13 22328 1.07 0 0
476 374 3.17 21938 1.05 0 0
478 393 3.2 21544 1.03 0 0
480 414 3.23 21148 1.01 0 0
482 437 3.27 20718 0.99 0 0
484 472 3.3 20298 0.97 0 0
486 505 3.34 19861 0.95 0 0
488 529 3.38 19416 0.93 0 0
490 556 3.41 18957 0.9 0 0
492 587 3.45 18481 0.88 0 0
494 626 3.5 17980 0.86 0 0
496 650 3.54 17492 0.83 0 0
498 664 3.58 16965 0.81 0 0
500 675 3.62 16445 0.78 0 0
502 685 3.67 15898 0.76 0 0
504 687 3.71 15355 0.73 0 0
506 688 3.76 14768 0.7 0 0
508 688 3.81 14181 0.68 0 0
510 688 3.86 13577 0.65 0 0
512 688 3.91 12973 0.62 0 0
514 688 3.96 12355 0.59 0 0
516 688 4.01 11725 0.56 0 0
518 688 4.07 11084 0.53 0 0
520 688 4.12 10413 0.5 0 0
522 688 4.17 9753 0.47 0 0
524 688 4.23 9089 0.43 0 0
526 688 4.29 8411 0.4 0 0
528 688 4.34 7741 0.37 0 0
530 688 4.4 7049 0.34 0 0
532 688 4.45 6367 0.3 0 0
534 688 4.51 5686 0.27 0 0
536 688 4.57 4999 0.24 0 0
538 688 4.63 4312 0.21 0 1
540 688 4.68 3621 0.17 0 0
542 688 4.74 2935 0.14 0 0
544 688 4.8 2247 0.11 0 2
546 688 4.85 1565 0.07 0 8
548 688 4.9 931 0.04 0 56
550 688 4.95 399 0.02 0 158
552 688 4.97 93 0.0 0 383
554 688 4.98 7 0.0 0 601
556 688 4.98 0 0.0 0 681
558 688 4.98 0 0.0 0 688
560 688 4.98 0 0.0 0 688
562 688 4.98 0 0.0 0 688
564 688 4.98 0 0.0 0 688
566 688 4.98 0 0.0 0 688
568 688 4.98 0 0.0 0 688
570 688 4.98 0 0.0 0 688
572 688 4.98 0 0.0 0 688
574 688 4.98 0 0.0 0 688
576 688 4.98 0 0.0 0 688
578 688 4.98 0 0.0 0 688
580 688 4.98 0 0.0 0 688
582 688 4.98 0 0.0 0 688
584 688 4.98 0 0.0 0 688
586 688 4.98 0 0.0 0 688
588 688 4.98 0 0.0 0 688
590 688 4.98 0 0.0 0 688
592 688 4.98 0 0.0 0 688
594 688 4.98 0 0.0 0 688
596 688 4.98 0 0.0 0 688
598 688 4.98 0 0.0 0 688
600 688 4.98 0 0.0 0 688
602 688 4.98 0 0.0 0 688
604 688 4.98 0 0.0 0 688
606 688 4.98 0 0.0 0 688
608 688 4.98 0 0.0 0 688
610 688 4.98 0 0.0 0 688
612 688 4.98 0 0.0 0 688
614 688 4.98 0 0.0 0 688
616 688 4.98 0 0.0 0 688
618 688 4.98 0 0.0 0 688
620 688 4.98 0 0.0 0 688
622 688 4.98 0 0.0 0 688
624 688 4.98 0 0.0 0 688
626 688 4.98 0 0.0 0 688
628 688 4.98 0 0.0 0 688
630 688 4.98 0 0.0 0 688
632 688 4.98 0 0.0 0 688
634 688 4.98 0 0.0 0 688
636 688 4.98 0 0.0 0 688
638 688 4.98 0 0.0 0 688
640 688 4.98 0 0.0 0 688
642 688 4.98 0 0.0 0 688
644 688 4.98 0 0.0 0 688
646 688 4.98 0 0.0 0 688
648 688 4.98 0 0.0 0 688
650 688 4.98 0 0.0 0 688
652 688 4.98 0 0.0 0 688
654 688 4.98 0 0.0 0 688
656 688 4.98 0 0.0 0 688
658 688 4.98 0 0.0 0 688
660 688 4.98 0 0.0 0 688
662 688 4.98 0 0.0 0 688
664 688 4.98 0 0.0 0 688
666 688 4.98 0 0.0 0 688
668 688 4.98 0 0.0 0 688
670 688 4.98 0 0.0 0 688
672 688 4.98 0 0.0 0 688
674 688 4.98 0 0.0 0 688
676 688 4.98 0 0.0 0 688
678 688 4.98 0 0.0 0 688
680 688 4.98 0 0.0 0 688
682 688 4.98 0 0.0 0 688
684 688 4.98 0 0.0 0 688
686 688 4.98 0 0.0 0 688
688 688 4.98 0 0.0 0 688
690 688 4.98 0 0.0 0 688
692 688 4.98 0 0.0 0 688
694 688 4.98 0 0.0 0 688
696 688 4.98 0 0.0 0 688
698 688 4.98 0 0.0 0 688
700 688 4.98 0 0.0 0 688
702 688 4.98 0 0.0 0 688
704 688 4.98 0 0.0 0 688
706 688 4.98 0 0.0 0 688
708 688 4.98 0 0.0 0 688
710 688 4.98 0 0.0 0 688
712 688 4.98 0 0.0 0 688
714 688 4.98 0 0.0 0 688
716 688 4.98 0 0.0 0 688
718 688 4.98 0 0.0 0 688
720 688 4.98 0 0.0 0 688
722 688 4.98 0 0.0 0 688
724 688 4.98 0 0.0 0 688
726 688 4.98 0 0.0 0 688
728 688 4.98 0 0.0 0 688
730 688 4.98 0 0.0 0 688
732 688 4.98 0 0.0 0 688
734 688 4.98 0 0.0 0 688
736 688 4.98 0 0.0 0 688
738 688 4.98 0 0.0 0 688
740 688 4.98 0 0.0 0 688
742 688 4.98 0 0.0 0 688
744 688 4.98 0 0.0 0 688
746 688 4.98 0 0.0 0 688
748 688 4.98 0 0.0 0 688
750 688 4.98 0 0.0 0 688
752 688 4.98 0 0.0 0 688
754 688 4.98 0 0.0 0 688
756 688 4.98 0 0.0 0 688
758 688 4.98 0 0.0 0 688
760 688 4.98 0 0.0 0 688
762 688 4.98 0 0.0 0 688
764 688 4.98 0 0.0 0 688
766 688 4.98 0 0.0 0 688
768 688 4.98 0 0.0 0 688
770 688 4.98 0 0.0 0 688
772 688 4.98 0 0.0 0 688
774 688 4.98 0 0.0 0 688
776 688 4.98 0 0.0 0 688
778 688 4.98 0 0.0 0 688
780 688 4.98 0 0.0 0 688
782 688 4.98 0 0.0 0 688
784 688 4.98 0 0.0 0 688
786 688 4.98 0 0.0 0 688
788 688 4.98 0 0.0 0 688
790 688 4.98 0 0.0 0 688
792 688 4.98 0 0.0 0 688
794 688 4.98 0 0.0 0 688
796 688 4.98 0 0.0 0 688
798 688 4.98 0 0.0 0 688
800 688 4.98 0 0.0 0 688
802 688 4.98 0 0.0 0 688
804 688 4.98 0 0.0 0 688
806 688 4.98 0 0.0 0 688
808 688 4.98 0 0.0 0 688
810 688 4.98 0 0.0 0 688
812 688 4.98 0 0.0 0 688
814 688 4.98 0 0.0 0 688
816 688 4.98 0 0.0 0 688
818 688 4.98 0 0.0 0 688
820 688 4.98 0 0.0 0 688
822 688 4.98 0 0.0 0 688
824 688 4.98 0 0.0 0 688
826 688 4.98 0 0.0 0 688
828 688 4.98 0 0.0 0 688
830 688 4.98 0 0.0 0 688
832 688 4.98 0 0.0 0 688
834 688 4.98 0 0.0 0 688
836 688 4.98 0 0.0 0 688
838 688 4.98 0 0.0 0 688
840 688 4.98 0 0.0 0 688
842 688 4.98 0 0.0 0 688
844 688 4.98 0 0.0 0 688
846 688 4.98 0 0.0 0 688
848 688 4.98 0 0.0 0 688
850 688 4.98 0 0.0 0 688
852 688 4.98 0 0.0 0 688
854 688 4.98 0 0.0 0 688
856 688 4.98 0 0.0 0 688
858 688 4.98 0 0.0 0 688
860 688 4.98 0 0.0 0 688
862 688 4.98 0 0.0 0 688
864 688 4.98 0 0.0 0 688
866 688 4.98 0 0.0 0 688
868 688 4.98 0 0.0 0 688
870 688 4.98 0 0.0 0 688
872 688 4.98 0 0.0 0 688
874 688 4.98 0 0.0 0 688
876 688 4.98 0 0.0 0 688
878 688 4.98 0 0.0 0 688
880 688 4.98 0 0.0 0 688
882 688 4.98 0 0.0 0 688
884 688 4.98 0 0.0 0 688
886 688 4.98 0 0.0 0 688
888 688 4.98 0 0.0 0 688
890 688 4.98 0 0.0 0 688
892 688 4.98 0 0.0 0 688
894 688 4.98 0 0.0 0 688
896 688 4.98 0 0.0 0 688
898 688 4.98 0 0.0 0 688
900 688 4.98 0 0.0 0 688
902 688 4.98 0 0.0 0 688
904 688 4.98 0 0.0 0 688
906 688 4.98 0 0.0 0 688
908 688 4.98 0 0.0 0 688
910 688 4.98 0 0.0 0 688
912 688 4.98 0 0.0 0 688
914 688 4.98 0 0.0 0 688
916 688 4.98 0 0.0 0 688
918 688 4.98 0 0.0 0 688
920 688 4.98 0 0.0 0 688
922 688 4.98 0 0.0 0 688
924 688 4.98 0 0.0 0 688
926 688 4.98 0 0.0 0 688
928 688 4.98 0 0.0 0 688
930 688 4.98 0 0.0 0 688
932 688 4.98 0 0.0 0 688
934 688 4.98 0 0.0 0 688
936 688 4.98 0 0.0 0 688
938 688 4.98 0 0.0 0 688
940 688 4.98 0 0.0 0 688
942 688 4.98 0 0.0 0 688
944 688 4.98 0 0.0 0 688
946 688 4.98 0 0.0 0 688
948 688 4.98 0 0.0 0 688
950 688 4.98 0 0.0 0 688
952 688 4.98 0 0.0 0 688
954 688 4.98 0 0.0 0 688
956 688 4.98 0 0.0 0 688
958 688 4.98 0 0.0 0 688
960 688 4.98 0 0.0 0 688
962 688 4.98 0 0.0 0 688
964 688 4.98 0 0.0 0 688
966 688 4.98 0 0.0 0 688
968 688 4.98 0 0.0 0 688
970 688 4.98 0 0.0 0 688
972 688 4.98 0 0.0 0 688
974 688 4.98 0 0.0 0 688
976 688 4.98 0 0.0 0 688
978 688 4.98 0 0.0 0 688
980 688 4.98 0 0.0 0 688
982 688 4.98 0 0.0 0 688
984 688 4.98 0 0.0 0 688
986 688 4.98 0 0.0 0 688
988 688 4.98 0 0.0 0 688
990 688 4.98 0 0.0 0 688
992 688 4.98 0 0.0 0 688
994 688 4.98 0 0.0 0 688
996 688 4.98 0 0.0 0 688
998 688 4.98 0 0.0 0 688
1000 688 4.98 0 0.0 0 688
1002 688 4.98 0 0.0 0 688
1004 688 4.98 0 0.0 0 688
1006 688 4.98 0 0.0 0 688
1008 688 4.98 0 0.0 0 688
1010 688 4.98 0 0.0 0 688
1012 688 4.98 0 0.0 0 688
1014 688 4.98 0 0.0 0 688
1016 688 4.98 0 0.0 0 688
1018 688 4.98 0 0.0 0 688
1020 688 4.98 0 0.0 0 688
1022 688 4.98 0 0.0 0 688
1024 688 4.98 0 0.0 0 688
1026 688 4.98 0 0.0 0 688
1028 688 4.98 0 0.0 0 688
1030 688 4.98 0 0.0 0 688
1032 688 4.98 0 0.0 0 688
1034 688 4.98 0 0.0 0 688
1036 688 4.98 0 0.0 0 688
1038 688 4.98 0 0.0 0 688
1040 688 4.98 0 0.0 0 688
1042 688 4.98 0 0.0 0 688
1044 688 4.98 0 0.0 0 688
1046 688 4.98 0 0.0 0 688
1048 688 4.98 0 0.0 0 688
1050 688 4.98 0 0.0 0 688
1052 688 4.98 0 0.0 0 688
1054 688 4.98 0 0.0 0 688
1056 688 4.98 0 0.0 0 688
1058 688 4.98 0 0.0 0 688
1060 688 4.98 0 0.0 0 688
1062 688 4.98 0 0.0 0 688
1064 688 4.98 0 0.0 0 688
1066 688 4.98 0 0.0 0 688
1068 688 4.98 0 0.0 0 688
1070 688 4.98 0 0.0 0 688
1072 688 4.98 0 0.0 0 688
1074 688 4.98 0 0.0 0 688
1076 688 4.98 0 0.0 0 688
1078 688 4.98 0 0.0 0 688
1080 688 4.98 0 0.0 0 688
1082 688 4.98 0 0.0 0 688
1084 688 4.98 0 0.0 0 688
1086 688 4.98 0 0.0 0 688
1088 688 4.98 0 0.0 0 688
1090 688 4.98 0 0.0 0 688
1092 688 4.98 0 0.0 0 688
1094 688 4.98 0 0.0 0 688
1096 688 4.98 0 0.0 0 688
1098 688 4.98 0 0.0 0 688
1100 688 4.98 0 0.0 0 688
1102 688 4.98 0 0.0 0 688
1104 688 4.98 0 0.0 0 688
1106 688 4.98 0 0.0 0 688
1108 688 4.98 0 0.0 0 688
1110 688 4.98 0 0.0 0 688
1112 688 4.98 0 0.0 0 688
1114 688 4.98 0 0.0 0 688
1116 688 4.98 0 0.0 0 688
1118 688 4.98 0 0.0 0 688
1120 688 4.98 0 0.0 0 688
1122 688 4.98 0 0.0 0 688
1124 688 4.98 0 0.0 0 688
1126 688 4.98 0 0.0 0 688
1128 688 4.98 0 0.0 0 688
1130 688 4.98 0 0.0 0 688
1132 688 4.98 0 0.0 0 688
1134 688 4.98 0 0.0 0 688
1136 688 4.98 0 0.0 0 688
1138 688 4.98 0 0.0 0 688
1140 688 4.98 0 0.0 0 688
1142 688 4.98 0 0.0 0 688
1144 688 4.98 0 0.0 0 688
1146 688 4.98 0 0.0 0 688
1148 688 4.98 0 0.0 0 688
1150 688 4.98 0 0.0 0 688
1152 688 4.98 0 0.0 0 688
1154 688 4.98 0 0.0 0 688
1156 688 4.98 0 0.0 0 688
1158 688 4.98 0 0.0 0 688
1160 688 4.98 0 0.0 0 688
1162 688 4.98 0 0.0 0 688
1164 688 4.98 0 0.0 0 688
1166 688 4.98 0 0.0 0 688
1168 688 4.98 0 0.0 0 688
1170 688 4.98 0 0.0 0 688
1172 688 4.98 0 0.0 0 688
1174 688 4.98 0 0.0 0 688
1176 688 4.98 0 0.0 0 688
1178 688 4.98 0 0.0 0 688
1180 688 4.98 0 0.0 0 688
1182 688 4.98 0 0.0 0 688
1184 688 4.98 0 0.0 0 688
1186 688 4.98 0 0.0 0 688
1188 688 4.98 0 0.0 0 688
1190 688 4.98 0 0.0 0 688
1192 688 4.98 0 0.0 0 688
1194 688 4.98 0 0.0 0 688
1196 688 4.98 0 0.0 0 688
1198 688 4.98 0 0.0 0 688
1200 688 4.98 0 0.0 0 688
1202 688 4.98 0 0.0 0 688
1204 688 4.98 0 0.0 0 688
1206 688 4.98 0 0.0 0 688
1208 688 4.98 0 0.0 0 688
1210 688 4.98 0 0.0 0 688
1212 688 4.98 0 0.0 0 688
1214 688 4.98 0 0.0 0 688
1216 688 4.98 0 0.0 0 688
1218 688 4.98 0 0.0 0 688
1220 688 4.98 0 0.0 0 688
1222 688 4.98 0 0.0 0 688
1224 688 4.98 0 0.0 0 688
1226 688 4.98 0 0.0 0 688
1228 688 4.98 0 0.0 0 688
1230 688 4.98 0 0.0 0 688
1232 688 4.98 0 0.0 0 688
1234 688 4.98 0 0.0 0 688
1236 688 4.98 0 0.0 0 688
1238 688 4.98 0 0.0 0 688
1240 688 4.98 0 0.0 0 688
1242 688 4.98 0 0.0 0 688
1244 688 4.98 0 0.0 0 688
1246 688 4.98 0 0.0 0 688
1248 688 4.98 0 0.0 0 688
1250 688 4.98 0 0.0 0 688
1252 688 4.98 0 0.0 0 688
1254 688 4.98 0 0.0 0 688
1256 688 4.98 0 0.0 0 688
1258 688 4.98 0 0.0 0 688
1260 688 4.98 0 0.0 0 688
1262 688 4.98 0 0.0 0 688
1264 688 4.98 0 0.0 0 688
1266 688 4.98 0 0.0 0 688
1268 688 4.98 0 0.0 0 688
1270 688 4.98 0 0.0 0 688
1272 688 4.98 0 0.0 0 688
1274 688 4.98 0 0.0 0 688
1276 688 4.98 0 0.0 0 688
1278 688 4.98 0 0.0 0 688
1280 688 4.98 0 0.0 0 688
1282 688 4.98 0 0.0 0 688
1284 688 4.98 0 0.0 0 688
1286 688 4.98 0 0.0 0 688
1288 688 4.98 0 0.0 0 688
1290 688 4.98 0 0.0 0 688
1292 688 4.98 0 0.0 0 688
1294 688 4.98 0 0.0 0 688
1296 688 4.98 0 0.0 0 688
1298 688 4.98 0 0.0 0 688
1300 688 4.98 0 0.0 0 688
1302 688 4.98 0 0.0 0 688
1304 688 4.98 0 0.0 0 688
1306 688 4.98 0 0.0 0 688
1308 688 4.98 0 0.0 0 688
1310 688 4.98 0 0.0 0 688
1312 688 4.98 0 0.0 0 688
1314 688 4.98 0 0.0 0 688
1316 687 4.97 0 0.0 1 688
1318 687 4.97 0 0.0 1 687
1320 687 4.97 0 0.0 1 687
1322 687 4.97 0 0.0 1 687
1324 687 4.97 0 0.0 1 687
1326 687 4.97 0 0.0 1 687
1328 687 4.97 0 0.0 1 687
1330 687 4.97 0 0.0 1 687
1332 687 4.97 0 0.0 1 687
1334 687 4.97 0 0.0 1 687
1336 687 4.97 0 0.0 1 687
1338 687 4.97 0 0.0 1 687
1340 687 4.97 0 0.0 1 687
1342 687 4.97 0 0.0 1 687
1344 687 4.97 0 0.0 1 687
1346 687 4.97 0 0.0 1 687
1348 687 4.97 0 0.0 1 687
1350 687 4.97 0 0.0 1 687
1352 687 4.97 0 0.0 1 687
1354 687 4.97 0 0.0 1 687
1356 687 4.97 0 0.0 1 687
1358 687 4.97 0 0.0 1 687
1360 687 4.97 0 0.0 1 687
1362 687 4.97 0 0.0 1 687
1364 687 4.97 0 0.0 1 687
1366 687 4.97 0 0.0 1 687
1368 687 4.97 0 0.0 1 687
1370 687 4.97 0 0.0 1 687
1372 687 4.97 0 0.0 1 687
1374 687 4.97 0 0.0 1 687
1376 687 4.97 0 0.0 1 687
1378 687 4.97 0 0.0 1 687
1380 687 4.97 0 0.0 1 687
1382 687 4.97 0 0.0 1 687
1384 687 4.97 0 0.0 1 687
1386 687 4.97 0 0.0 1 687
1388 687 4.97 0 0.0 1 687
1390 687 4.97 0 0.0 1 687
1392 687 4.97 0 0.0 1 687
1394 687 4.97 0 0.0 1 687
1396 687 4.97 0 0.0 1 687
1398 687 4.97 0 0.0 1 687
1400 687 4.97 0 0.0 1 687
1402 687 4.97 0 0.0 1 687
1404 687 4.97 0 0.0 1 687
1406 687 4.97 0 0.0 1 687
1408 687 4.97 0 0.0 1 687
1410 687 4.97 0 0.0 1 687
1412 687 4.97 0 0.0 1 687
1414 687 4.97 0 0.0 1 687
1416 687 4.97 0 0.0 1 687
1418 687 4.97 0 0.0 1 687
1420 687 4.97 0 0.0 1 687
1422 687 4.97 0 0.0 1 687
1424 687 4.97 0 0.0 1 687
1426 687 4.97 0 0.0 1 687
1428 687 4.97 0 0.0 1 687
1430 687 4.97 0 0.0 1 687
1432 687 4.97 0 0.0 1 687
1434 687 4.97 0 0.0 1 687
1436 687 4.97 0 0.0 1 687
1438 687 4.97 0 0.0 1 687
1440 687 4.97 0 0.0 1 687
