Time PAO1_Count PAO1_Conc Glycerol_Count Glycerol_Conc PAO1_Died bacteria_couldn't_eat
0 43 0.21 57811 2.76 0 0
2 43 0.21 57811 2.76 0 0
4 43 0.21 57797 2.76 0 0
6 43 0.21 57763 2.76 0 0
8 43 0.22 57730 2.76 0 0
10 43 0.22 57698 2.76 0 0
12 43 0.22 57666 2.76 0 0
14 43 0.23 57634 2.75 0 0
16 43 0.23 57598 2.75 0 0
18 43 0.23 57563 2.75 0 0
20 43 0.24 57527 2.75 0 0
22 43 0.24 57494 2.75 0 0
24 43 0.24 57453 2.75 0 0
26 43 0.25 57412 2.74 0 0
28 43 0.25 57371 2.74 0 0
30 43 0.25 57336 2.74 0 0
32 43 0.26 57293 2.74 0 0
34 43 0.26 57250 2.74 0 0
36 43 0.27 57205 2.73 0 0
38 43 0.27 57166 2.73 0 0
40 43 0.27 57119 2.73 0 0
42 43 0.28 57076 2.73 0 0
44 43 0.28 57033 2.73 0 0
46 43 0.29 56990 2.72 0 0
48 43 0.29 56946 2.72 0 0
50 43 0.29 56903 2.72 0 0
52 43 0.3 56859 2.72 0 0
54 43 0.3 56817 2.72 0 0
56 43 0.31 56773 2.71 0 0
58 43 0.31 56729 2.71 0 0
60 43 0.32 56686 2.71 0 0
62 43 0.32 56643 2.71 0 0
64 43 0.32 56600 2.71 0 0
66 43 0.33 56557 2.7 0 0
68 43 0.33 56514 2.7 0 0
70 43 0.34 56470 2.7 0 0
72 43 0.34 56427 2.7 0 0
74 43 0.34 56382 2.7 0 0
76 43 0.35 56339 2.69 0 0
78 43 0.35 56292 2.69 0 0
80 43 0.36 56247 2.69 0 0
82 43 0.36 56203 2.69 0 0
84 43 0.36 56159 2.68 0 0
86 43 0.37 56115 2.68 0 0
88 43 0.37 56070 2.68 0 0
90 43 0.38 56025 2.68 0 0
92 43 0.38 55978 2.68 0 0
94 43 0.39 55932 2.67 0 0
96 43 0.39 55885 2.67 0 0
98 43 0.39 55834 2.67 0 0
100 44 0.4 55784 2.67 0 0
102 45 0.4 55734 2.66 0 0
104 47 0.41 55686 2.66 0 0
106 54 0.41 55637 2.66 0 0
108 66 0.42 55582 2.66 0 0
110 75 0.42 55528 2.65 0 0
112 82 0.43 55478 2.65 0 0
114 86 0.43 55423 2.65 0 0
116 86 0.44 55359 2.65 0 0
118 86 0.45 55297 2.64 0 0
120 86 0.45 55232 2.64 0 0
122 86 0.46 55164 2.64 0 0
124 86 0.46 55090 2.63 0 0
126 86 0.47 55015 2.63 0 0
128 86 0.48 54937 2.63 0 0
130 86 0.49 54859 2.62 0 0
132 86 0.49 54789 2.62 0 0
134 86 0.5 54704 2.62 0 0
136 86 0.51 54630 2.61 0 0
138 86 0.52 54543 2.61 0 0
140 86 0.52 54455 2.6 0 0
142 86 0.53 54376 2.6 0 0
144 86 0.54 54290 2.6 0 0
146 86 0.55 54204 2.59 0 0
148 86 0.56 54119 2.59 0 0
150 86 0.56 54030 2.58 0 0
152 86 0.57 53942 2.58 0 0
154 86 0.58 53856 2.57 0 0
156 86 0.59 53770 2.57 0 0
158 86 0.6 53685 2.57 0 0
160 86 0.6 53598 2.56 0 0
162 86 0.61 53512 2.56 0 0
164 86 0.62 53426 2.55 0 0
166 86 0.63 53339 2.55 0 0
168 86 0.64 53253 2.55 0 0
170 86 0.64 53165 2.54 0 0
172 86 0.65 53079 2.54 0 0
174 86 0.66 52992 2.53 0 0
176 86 0.67 52906 2.53 0 0
178 86 0.68 52819 2.53 0 0
180 86 0.69 52733 2.52 0 0
182 86 0.69 52647 2.52 0 0
184 86 0.7 52560 2.51 0 0
186 86 0.71 52470 2.51 0 0
188 86 0.72 52381 2.5 0 0
190 86 0.73 52291 2.5 0 0
192 86 0.73 52203 2.5 0 0
194 86 0.74 52108 2.49 0 0
196 86 0.75 52012 2.49 0 0
198 86 0.76 51918 2.48 0 0
200 86 0.77 51827 2.48 0 0
202 87 0.78 51729 2.47 0 0
204 87 0.79 51637 2.47 0 0
206 90 0.8 51541 2.46 0 0
208 97 0.8 51445 2.46 0 0
210 102 0.81 51342 2.46 0 0
212 114 0.82 51238 2.45 0 0
214 125 0.83 51135 2.45 0 0
216 138 0.84 51027 2.44 0 0
218 151 0.86 50922 2.43 0 0
220 158 0.87 50802 2.43 0 0
222 168 0.88 50680 2.42 0 0
224 169 0.89 50560 2.42 0 0
226 171 0.9 50431 2.41 0 0
228 172 0.91 50304 2.4 0 0
230 172 0.93 50177 2.4 0 0
232 172 0.94 50027 2.39 0 0
234 172 0.95 49880 2.38 0 0
236 172 0.97 49736 2.38 0 0
238 172 0.98 49581 2.37 0 0
240 172 1.0 49431 2.36 0 0
242 172 1.01 49265 2.36 0 0
244 172 1.03 49097 2.35 0 0
246 172 1.04 48928 2.34 0 0
248 172 1.06 48764 2.33 0 0
250 172 1.07 48596 2.32 0 0
252 172 1.09 48426 2.32 0 0
254 172 1.11 48252 2.31 0 0
256 172 1.12 48082 2.3 0 0
258 172 1.14 47912 2.29 0 0
260 172 1.15 47742 2.28 0 0
262 172 1.17 47570 2.27 0 0
264 172 1.19 47396 2.27 0 0
266 172 1.2 47223 2.26 0 0
268 172 1.22 47051 2.25 0 0
270 172 1.24 46880 2.24 0 0
272 172 1.25 46705 2.23 0 0
274 172 1.27 46533 2.23 0 0
276 172 1.28 46360 2.22 0 0
278 172 1.3 46186 2.21 0 0
280 172 1.32 46014 2.2 0 0
282 172 1.33 45841 2.19 0 0
284 172 1.35 45666 2.18 0 0
286 172 1.36 45493 2.18 0 0
288 172 1.38 45315 2.17 0 0
290 172 1.4 45138 2.16 0 0
292 172 1.41 44963 2.15 0 0
294 172 1.43 44789 2.14 0 0
296 172 1.45 44611 2.13 0 0
298 172 1.46 44433 2.13 0 0
300 172 1.48 44254 2.12 0 0
302 172 1.5 44075 2.11 0 0
304 172 1.51 43894 2.1 0 0
306 174 1.53 43711 2.09 0 0
308 175 1.55 43519 2.08 0 0
310 179 1.57 43325 2.07 0 0
312 182 1.58 43131 2.06 0 0
314 195 1.6 42927 2.05 0 0
316 209 1.62 42722 2.04 0 0
318 226 1.64 42514 2.03 0 0
320 245 1.66 42296 2.02 0 0
322 271 1.68 42078 2.01 0 0
324 288 1.71 41846 2.0 0 0
326 306 1.73 41612 1.99 0 0
328 319 1.75 41371 1.98 0 0
330 329 1.78 41118 1.97 0 0
332 340 1.8 40864 1.95 0 0
334 344 1.82 40610 1.94 0 0
336 344 1.85 40333 1.93 0 0
338 344 1.88 40062 1.91 0 0
340 344 1.9 39769 1.9 0 0
342 344 1.93 39474 1.89 0 0
344 344 1.96 39164 1.87 0 0
346 344 1.99 38853 1.86 0 0
348 344 2.02 38538 1.84 0 0
350 344 2.05 38226 1.83 0 0
352 344 2.08 37894 1.81 0 0
354 344 2.11 37564 1.79 0 0
356 344 2.14 37229 1.78 0 0
358 344 2.18 36890 1.76 0 0
360 344 2.21 36553 1.75 0 0
362 344 2.24 36213 1.73 0 0
364 344 2.27 35865 1.71 0 0
366 344 2.3 35526 1.7 0 0
368 344 2.34 35184 1.68 0 0
370 344 2.37 34839 1.66 0 0
372 344 2.4 34494 1.65 0 0
374 344 2.43 34149 1.63 0 0
376 344 2.47 33804 1.62 0 0
378 344 2.5 33459 1.6 0 0
380 344 2.53 33112 1.58 0 0
382 344 2.56 32766 1.57 0 0
384 344 2.6 32418 1.55 0 0
386 344 2.63 32071 1.53 0 0
388 344 2.66 31725 1.52 0 0
390 344 2.69 31378 1.5 0 0
392 344 2.73 31031 1.48 0 0
394 344 2.76 30683 1.47 0 0
396 344 2.79 30333 1.45 0 0
398 344 2.82 29977 1.43 0 0
400 344 2.86 29621 1.42 0 0
402 344 2.89 29270 1.4 0 0
404 344 2.92 28919 1.38 0 0
406 344 2.95 28558 1.37 0 0
408 344 2.99 28196 1.35 0 0
410 345 3.02 27836 1.33 0 0
412 350 3.06 27472 1.31 0 0
414 357 3.09 27099 1.3 0 0
416 364 3.13 26713 1.28 0 0
418 373 3.16 26328 1.26 0 0
420 395 3.2 25940 1.24 0 0
422 414 3.24 25536 1.22 0 0
424 448 3.28 25119 1.2 0 0
426 493 3.32 24684 1.18 0 0
428 526 3.36 24246 1.16 0 0
430 558 3.4 23788 1.14 0 0
432 593 3.45 23317 1.11 0 0
434 624 3.49 22828 1.09 0 0
436 645 3.54 22332 1.07 0 0
438 658 3.59 21828 1.04 0 0
440 676 3.64 21303 1.02 0 0
442 683 3.69 20741 0.99 0 0
444 686 3.74 20172 0.96 0 0
446 688 3.8 19582 0.94 0 0
448 688 3.86 18994 0.91 0 0
450 688 3.91 18387 0.88 0 0
452 688 3.97 17788 0.85 0 0
454 688 4.03 17162 0.82 0 0
456 688 4.09 16527 0.79 0 0
458 688 4.15 15882 0.76 0 0
460 688 4.21 15216 0.73 0 0
462 688 4.28 14543 0.69 0 0
464 688 4.34 13874 0.66 0 0
466 688 4.4 13188 0.63 0 0
468 688 4.47 12507 0.6 0 0
470 688 4.53 11820 0.56 0 0
472 688 4.6 11134 0.53 0 0
474 688 4.66 10444 0.5 0 0
476 688 4.73 9757 0.47 0 0
478 688 4.79 9066 0.43 0 0
480 688 4.85 8375 0.4 0 0
482 688 4.92 7689 0.37 0 0
484 688 4.98 7000 0.33 0 0
486 688 5.05 6311 0.3 0 0
488 688 5.11 5622 0.27 0 0
490 688 5.18 4929 0.24 0 0
492 688 5.24 4240 0.2 0 0
494 688 5.31 3549 0.17 0 0
496 688 5.37 2854 0.14 0 1
498 688 5.44 2166 0.1 0 7
500 688 5.5 1488 0.07 0 21
502 688 5.56 855 0.04 0 65
504 688 5.6 383 0.02 0 226
506 688 5.63 134 0.01 0 445
508 688 5.64 20 0.0 0 576
510 688 5.64 0 0.0 0 668
512 688 5.64 0 0.0 0 688
514 688 5.64 0 0.0 0 688
516 688 5.64 0 0.0 0 688
518 688 5.64 0 0.0 0 688
520 688 5.64 0 0.0 0 688
522 688 5.64 0 0.0 0 688
524 688 5.64 0 0.0 0 688
526 688 5.64 0 0.0 0 688
528 688 5.64 0 0.0 0 688
530 688 5.64 0 0.0 0 688
532 688 5.64 0 0.0 0 688
534 688 5.64 0 0.0 0 688
536 688 5.64 0 0.0 0 688
538 688 5.64 0 0.0 0 688
540 688 5.64 0 0.0 0 688
542 688 5.64 0 0.0 0 688
544 688 5.64 0 0.0 0 688
546 688 5.64 0 0.0 0 688
548 688 5.64 0 0.0 0 688
550 688 5.64 0 0.0 0 688
552 688 5.64 0 0.0 0 688
554 688 5.64 0 0.0 0 688
556 688 5.64 0 0.0 0 688
558 688 5.64 0 0.0 0 688
560 688 5.64 0 0.0 0 688
562 688 5.64 0 0.0 0 688
564 688 5.64 0 0.0 0 688
566 688 5.64 0 0.0 0 688
568 688 5.64 0 0.0 0 688
570 688 5.64 0 0.0 0 688
572 688 5.64 0 0.0 0 688
574 688 5.64 0 0.0 0 688
576 688 5.64 0 0.0 0 688
578 688 5.64 0 0.0 0 688
580 688 5.64 0 0.0 0 688
582 688 5.64 0 0.0 0 688
584 688 5.64 0 0.0 0 688
586 688 5.64 0 0.0 0 688
588 688 5.64 0 0.0 0 688
590 688 5.64 0 0.0 0 688
592 688 5.64 0 0.0 0 688
594 688 5.64 0 0.0 0 688
596 688 5.64 0 0.0 0 688
598 688 5.64 0 0.0 0 688
600 688 5.64 0 0.0 0 688
602 688 5.64 0 0.0 0 688
604 688 5.64 0 0.0 0 688
606 688 5.64 0 0.0 0 688
608 688 5.64 0 0.0 0 688
610 688 5.64 0 0.0 0 688
612 688 5.64 0 0.0 0 688
614 688 5.64 0 0.0 0 688
616 688 5.64 0 0.0 0 688
618 688 5.64 0 0.0 0 688
620 688 5.64 0 0.0 0 688
622 688 5.64 0 0.0 0 688
624 688 5.64 0 0.0 0 688
626 688 5.64 0 0.0 0 688
628 688 5.64 0 0.0 0 688
630 688 5.64 0 0.0 0 688
632 688 5.64 0 0.0 0 688
634 688 5.64 0 0.0 0 688
636 688 5.64 0 0.0 0 688
638 688 5.64 0 0.0 0 688
640 688 5.64 0 0.0 0 688
642 688 5.64 0 0.0 0 688
644 688 5.64 0 0.0 0 688
646 688 5.64 0 0.0 0 688
648 688 5.64 0 0.0 0 688
650 688 5.64 0 0.0 0 688
652 688 5.64 0 0.0 0 688
654 688 5.64 0 0.0 0 688
656 688 5.64 0 0.0 0 688
658 688 5.64 0 0.0 0 688
660 688 5.64 0 0.0 0 688
662 688 5.64 0 0.0 0 688
664 688 5.64 0 0.0 0 688
666 688 5.64 0 0.0 0 688
668 688 5.64 0 0.0 0 688
670 688 5.64 0 0.0 0 688
672 688 5.64 0 0.0 0 688
674 688 5.64 0 0.0 0 688
676 688 5.64 0 0.0 0 688
678 688 5.64 0 0.0 0 688
680 688 5.64 0 0.0 0 688
682 688 5.64 0 0.0 0 688
684 688 5.64 0 0.0 0 688
686 688 5.64 0 0.0 0 688
688 688 5.64 0 0.0 0 688
690 688 5.64 0 0.0 0 688
692 688 5.64 0 0.0 0 688
694 688 5.64 0 0.0 0 688
696 688 5.64 0 0.0 0 688
698 688 5.64 0 0.0 0 688
700 688 5.64 0 0.0 0 688
702 688 5.64 0 0.0 0 688
704 688 5.64 0 0.0 0 688
706 688 5.64 0 0.0 0 688
708 688 5.64 0 0.0 0 688
710 688 5.64 0 0.0 0 688
712 688 5.64 0 0.0 0 688
714 688 5.64 0 0.0 0 688
716 688 5.64 0 0.0 0 688
718 688 5.64 0 0.0 0 688
720 688 5.64 0 0.0 0 688
722 688 5.64 0 0.0 0 688
724 688 5.64 0 0.0 0 688
726 688 5.64 0 0.0 0 688
728 688 5.64 0 0.0 0 688
730 688 5.64 0 0.0 0 688
732 688 5.64 0 0.0 0 688
734 688 5.64 0 0.0 0 688
736 688 5.64 0 0.0 0 688
738 688 5.64 0 0.0 0 688
740 688 5.64 0 0.0 0 688
742 688 5.64 0 0.0 0 688
744 688 5.64 0 0.0 0 688
746 688 5.64 0 0.0 0 688
748 688 5.64 0 0.0 0 688
750 688 5.64 0 0.0 0 688
752 688 5.64 0 0.0 0 688
754 688 5.64 0 0.0 0 688
756 688 5.64 0 0.0 0 688
758 688 5.64 0 0.0 0 688
760 688 5.64 0 0.0 0 688
762 688 5.64 0 0.0 0 688
764 688 5.64 0 0.0 0 688
766 688 5.64 0 0.0 0 688
768 688 5.64 0 0.0 0 688
770 688 5.64 0 0.0 0 688
772 688 5.64 0 0.0 0 688
774 688 5.64 0 0.0 0 688
776 688 5.64 0 0.0 0 688
778 688 5.64 0 0.0 0 688
780 688 5.64 0 0.0 0 688
782 688 5.64 0 0.0 0 688
784 688 5.64 0 0.0 0 688
786 688 5.64 0 0.0 0 688
788 688 5.64 0 0.0 0 688
790 688 5.64 0 0.0 0 688
792 688 5.64 0 0.0 0 688
794 688 5.64 0 0.0 0 688
796 688 5.64 0 0.0 0 688
798 688 5.64 0 0.0 0 688
800 688 5.64 0 0.0 0 688
802 688 5.64 0 0.0 0 688
804 688 5.64 0 0.0 0 688
806 688 5.64 0 0.0 0 688
808 688 5.64 0 0.0 0 688
810 688 5.64 0 0.0 0 688
812 688 5.64 0 0.0 0 688
814 688 5.64 0 0.0 0 688
816 688 5.64 0 0.0 0 688
818 688 5.64 0 0.0 0 688
820 688 5.64 0 0.0 0 688
822 688 5.64 0 0.0 0 688
824 688 5.64 0 0.0 0 688
826 688 5.64 0 0.0 0 688
828 688 5.64 0 0.0 0 688
830 688 5.64 0 0.0 0 688
832 688 5.64 0 0.0 0 688
834 688 5.64 0 0.0 0 688
836 688 5.64 0 0.0 0 688
838 688 5.64 0 0.0 0 688
840 688 5.64 0 0.0 0 688
842 688 5.64 0 0.0 0 688
844 688 5.64 0 0.0 0 688
846 688 5.64 0 0.0 0 688
848 688 5.64 0 0.0 0 688
850 688 5.64 0 0.0 0 688
852 688 5.64 0 0.0 0 688
854 688 5.64 0 0.0 0 688
856 688 5.64 0 0.0 0 688
858 688 5.64 0 0.0 0 688
860 688 5.64 0 0.0 0 688
862 688 5.64 0 0.0 0 688
864 688 5.64 0 0.0 0 688
866 688 5.64 0 0.0 0 688
868 688 5.64 0 0.0 0 688
870 688 5.64 0 0.0 0 688
872 688 5.64 0 0.0 0 688
874 688 5.64 0 0.0 0 688
876 688 5.64 0 0.0 0 688
878 688 5.64 0 0.0 0 688
880 688 5.64 0 0.0 0 688
882 688 5.64 0 0.0 0 688
884 688 5.64 0 0.0 0 688
886 688 5.64 0 0.0 0 688
888 688 5.64 0 0.0 0 688
890 688 5.64 0 0.0 0 688
892 688 5.64 0 0.0 0 688
894 688 5.64 0 0.0 0 688
896 688 5.64 0 0.0 0 688
898 688 5.64 0 0.0 0 688
900 688 5.64 0 0.0 0 688
902 688 5.64 0 0.0 0 688
904 688 5.64 0 0.0 0 688
906 688 5.64 0 0.0 0 688
908 688 5.64 0 0.0 0 688
910 688 5.64 0 0.0 0 688
912 688 5.64 0 0.0 0 688
914 688 5.64 0 0.0 0 688
916 688 5.64 0 0.0 0 688
918 688 5.64 0 0.0 0 688
920 688 5.64 0 0.0 0 688
922 688 5.64 0 0.0 0 688
924 688 5.64 0 0.0 0 688
926 688 5.64 0 0.0 0 688
928 688 5.64 0 0.0 0 688
930 688 5.64 0 0.0 0 688
932 688 5.64 0 0.0 0 688
934 688 5.64 0 0.0 0 688
936 688 5.64 0 0.0 0 688
938 688 5.64 0 0.0 0 688
940 688 5.64 0 0.0 0 688
942 688 5.64 0 0.0 0 688
944 688 5.64 0 0.0 0 688
946 688 5.64 0 0.0 0 688
948 688 5.64 0 0.0 0 688
950 688 5.64 0 0.0 0 688
952 688 5.64 0 0.0 0 688
954 688 5.64 0 0.0 0 688
956 688 5.64 0 0.0 0 688
958 688 5.64 0 0.0 0 688
960 688 5.64 0 0.0 0 688
962 688 5.64 0 0.0 0 688
964 688 5.64 0 0.0 0 688
966 688 5.64 0 0.0 0 688
968 688 5.64 0 0.0 0 688
970 688 5.64 0 0.0 0 688
972 688 5.64 0 0.0 0 688
974 688 5.64 0 0.0 0 688
976 688 5.64 0 0.0 0 688
978 688 5.64 0 0.0 0 688
980 688 5.64 0 0.0 0 688
982 688 5.64 0 0.0 0 688
984 688 5.64 0 0.0 0 688
986 688 5.64 0 0.0 0 688
988 688 5.64 0 0.0 0 688
990 688 5.64 0 0.0 0 688
992 688 5.64 0 0.0 0 688
994 688 5.64 0 0.0 0 688
996 688 5.64 0 0.0 0 688
998 688 5.64 0 0.0 0 688
1000 688 5.64 0 0.0 0 688
1002 688 5.64 0 0.0 0 688
1004 688 5.64 0 0.0 0 688
1006 688 5.64 0 0.0 0 688
1008 688 5.64 0 0.0 0 688
1010 688 5.64 0 0.0 0 688
1012 688 5.64 0 0.0 0 688
1014 688 5.64 0 0.0 0 688
1016 688 5.64 0 0.0 0 688
1018 688 5.64 0 0.0 0 688
1020 688 5.64 0 0.0 0 688
1022 688 5.64 0 0.0 0 688
1024 688 5.64 0 0.0 0 688
1026 688 5.64 0 0.0 0 688
1028 688 5.64 0 0.0 0 688
1030 688 5.64 0 0.0 0 688
1032 688 5.64 0 0.0 0 688
1034 688 5.64 0 0.0 0 688
1036 688 5.64 0 0.0 0 688
1038 688 5.64 0 0.0 0 688
1040 688 5.64 0 0.0 0 688
1042 688 5.64 0 0.0 0 688
1044 688 5.64 0 0.0 0 688
1046 688 5.64 0 0.0 0 688
1048 688 5.64 0 0.0 0 688
1050 688 5.64 0 0.0 0 688
1052 688 5.64 0 0.0 0 688
1054 688 5.64 0 0.0 0 688
1056 688 5.64 0 0.0 0 688
1058 688 5.64 0 0.0 0 688
1060 688 5.64 0 0.0 0 688
1062 688 5.64 0 0.0 0 688
1064 688 5.64 0 0.0 0 688
1066 688 5.64 0 0.0 0 688
1068 688 5.64 0 0.0 0 688
1070 688 5.64 0 0.0 0 688
1072 688 5.64 0 0.0 0 688
1074 688 5.64 0 0.0 0 688
1076 688 5.64 0 0.0 0 688
1078 688 5.64 0 0.0 0 688
1080 688 5.64 0 0.0 0 688
1082 688 5.64 0 0.0 0 688
1084 688 5.64 0 0.0 0 688
1086 688 5.64 0 0.0 0 688
1088 688 5.64 0 0.0 0 688
1090 688 5.64 0 0.0 0 688
1092 688 5.64 0 0.0 0 688
1094 688 5.64 0 0.0 0 688
1096 688 5.64 0 0.0 0 688
1098 688 5.64 0 0.0 0 688
1100 688 5.64 0 0.0 0 688
1102 688 5.64 0 0.0 0 688
1104 688 5.64 0 0.0 0 688
1106 688 5.64 0 0.0 0 688
1108 688 5.64 0 0.0 0 688
1110 688 5.64 0 0.0 0 688
1112 688 5.64 0 0.0 0 688
1114 688 5.64 0 0.0 0 688
1116 688 5.64 0 0.0 0 688
1118 688 5.64 0 0.0 0 688
1120 688 5.64 0 0.0 0 688
1122 688 5.64 0 0.0 0 688
1124 688 5.64 0 0.0 0 688
1126 688 5.64 0 0.0 0 688
1128 688 5.64 0 0.0 0 688
1130 688 5.64 0 0.0 0 688
1132 688 5.64 0 0.0 0 688
1134 688 5.64 0 0.0 0 688
1136 688 5.64 0 0.0 0 688
1138 688 5.64 0 0.0 0 688
1140 688 5.64 0 0.0 0 688
1142 688 5.64 0 0.0 0 688
1144 688 5.64 0 0.0 0 688
1146 688 5.64 0 0.0 0 688
1148 688 5.64 0 0.0 0 688
1150 688 5.64 0 0.0 0 688
1152 688 5.64 0 0.0 0 688
1154 688 5.64 0 0.0 0 688
1156 688 5.64 0 0.0 0 688
1158 688 5.64 0 0.0 0 688
1160 688 5.64 0 0.0 0 688
1162 688 5.64 0 0.0 0 688
1164 688 5.64 0 0.0 0 688
1166 688 5.64 0 0.0 0 688
1168 688 5.64 0 0.0 0 688
1170 688 5.64 0 0.0 0 688
1172 688 5.64 0 0.0 0 688
1174 688 5.64 0 0.0 0 688
1176 688 5.64 0 0.0 0 688
1178 688 5.64 0 0.0 0 688
1180 688 5.64 0 0.0 0 688
1182 688 5.64 0 0.0 0 688
1184 688 5.64 0 0.0 0 688
1186 688 5.64 0 0.0 0 688
1188 688 5.64 0 0.0 0 688
1190 688 5.64 0 0.0 0 688
1192 688 5.64 0 0.0 0 688
1194 688 5.64 0 0.0 0 688
1196 688 5.64 0 0.0 0 688
1198 688 5.64 0 0.0 0 688
1200 688 5.64 0 0.0 0 688
1202 688 5.64 0 0.0 0 688
1204 688 5.64 0 0.0 0 688
1206 688 5.64 0 0.0 0 688
1208 688 5.64 0 0.0 0 688
1210 688 5.64 0 0.0 0 688
1212 688 5.64 0 0.0 0 688
1214 688 5.64 0 0.0 0 688
1216 688 5.64 0 0.0 0 688
1218 688 5.64 0 0.0 0 688
1220 688 5.64 0 0.0 0 688
1222 688 5.64 0 0.0 0 688
1224 688 5.64 0 0.0 0 688
1226 688 5.64 0 0.0 0 688
1228 688 5.64 0 0.0 0 688
1230 688 5.64 0 0.0 0 688
1232 688 5.64 0 0.0 0 688
1234 688 5.64 0 0.0 0 688
1236 688 5.64 0 0.0 0 688
1238 688 5.64 0 0.0 0 688
1240 688 5.64 0 0.0 0 688
1242 688 5.64 0 0.0 0 688
1244 688 5.64 0 0.0 0 688
1246 688 5.64 0 0.0 0 688
1248 688 5.64 0 0.0 0 688
1250 688 5.64 0 0.0 0 688
1252 688 5.64 0 0.0 0 688
1254 688 5.64 0 0.0 0 688
1256 688 5.64 0 0.0 0 688
1258 688 5.64 0 0.0 0 688
1260 688 5.64 0 0.0 0 688
1262 688 5.64 0 0.0 0 688
1264 688 5.64 0 0.0 0 688
1266 688 5.64 0 0.0 0 688
1268 688 5.64 0 0.0 0 688
1270 688 5.64 0 0.0 0 688
1272 688 5.64 0 0.0 0 688
1274 688 5.64 0 0.0 0 688
1276 688 5.64 0 0.0 0 688
1278 688 5.64 0 0.0 0 688
1280 688 5.64 0 0.0 0 688
1282 688 5.64 0 0.0 0 688
1284 688 5.64 0 0.0 0 688
1286 688 5.64 0 0.0 0 688
1288 688 5.64 0 0.0 0 688
1290 688 5.64 0 0.0 0 688
1292 688 5.64 0 0.0 0 688
1294 688 5.64 0 0.0 0 688
1296 688 5.64 0 0.0 0 688
1298 688 5.64 0 0.0 0 688
1300 688 5.64 0 0.0 0 688
1302 688 5.64 0 0.0 0 688
1304 688 5.64 0 0.0 0 688
1306 688 5.64 0 0.0 0 688
1308 688 5.64 0 0.0 0 688
1310 688 5.64 0 0.0 0 688
1312 688 5.64 0 0.0 0 688
1314 688 5.64 0 0.0 0 688
1316 688 5.64 0 0.0 0 688
1318 688 5.64 0 0.0 0 688
1320 688 5.64 0 0.0 0 688
1322 688 5.64 0 0.0 0 688
1324 688 5.64 0 0.0 0 688
1326 688 5.64 0 0.0 0 688
1328 688 5.64 0 0.0 0 688
1330 688 5.64 0 0.0 0 688
1332 688 5.64 0 0.0 0 688
1334 688 5.64 0 0.0 0 688
1336 688 5.64 0 0.0 0 688
1338 688 5.64 0 0.0 0 688
1340 688 5.64 0 0.0 0 688
1342 688 5.64 0 0.0 0 688
1344 688 5.64 0 0.0 0 688
1346 688 5.64 0 0.0 0 688
1348 688 5.64 0 0.0 0 688
1350 688 5.64 0 0.0 0 688
1352 688 5.64 0 0.0 0 688
1354 688 5.64 0 0.0 0 688
1356 688 5.64 0 0.0 0 688
1358 688 5.64 0 0.0 0 688
1360 688 5.64 0 0.0 0 688
1362 688 5.64 0 0.0 0 688
1364 688 5.64 0 0.0 0 688
1366 688 5.64 0 0.0 0 688
1368 688 5.64 0 0.0 0 688
1370 688 5.64 0 0.0 0 688
1372 688 5.64 0 0.0 0 688
1374 688 5.64 0 0.0 0 688
1376 688 5.64 0 0.0 0 688
1378 688 5.64 0 0.0 0 688
1380 687 5.63 0 0.0 1 688
1382 687 5.63 0 0.0 1 687
1384 687 5.63 0 0.0 1 687
1386 687 5.63 0 0.0 1 687
1388 687 5.63 0 0.0 1 687
1390 687 5.63 0 0.0 1 687
1392 687 5.63 0 0.0 1 687
1394 687 5.63 0 0.0 1 687
1396 687 5.63 0 0.0 1 687
1398 687 5.63 0 0.0 1 687
1400 687 5.63 0 0.0 1 687
1402 687 5.63 0 0.0 1 687
1404 687 5.63 0 0.0 1 687
1406 687 5.63 0 0.0 1 687
1408 687 5.63 0 0.0 1 687
1410 687 5.63 0 0.0 1 687
1412 687 5.63 0 0.0 1 687
1414 687 5.63 0 0.0 1 687
1416 687 5.63 0 0.0 1 687
1418 687 5.63 0 0.0 1 687
1420 687 5.63 0 0.0 1 687
1422 687 5.63 0 0.0 1 687
1424 687 5.63 0 0.0 1 687
1426 687 5.63 0 0.0 1 687
1428 687 5.63 0 0.0 1 687
1430 687 5.63 0 0.0 1 687
1432 687 5.63 0 0.0 1 687
1434 687 5.63 0 0.0 1 687
1436 687 5.63 0 0.0 1 687
1438 687 5.63 0 0.0 1 687
1440 687 5.63 0 0.0 1 687
