Time PAo1_Count PAo1_Conc Glycerol_Count Glycerol_Conc PAo1_Died bacteria_couldn't_eat
0 43 0.21 57811 2.76 0 0
2 43 0.21 57811 2.76 0 0
4 86 0.43 56067 2.68 0 0
6 172 0.9 52435 2.5 0 0
8 343 1.86 44895 2.14 0 0
10 658 3.74 30112 1.43 0 2
12 1030 6.12 11421 0.54 0 185
14 1164 7.32 1674 0.08 0 598
16 1173 7.51 25 0.0 0 932
18 1173 7.51 0 0.0 0 1154
20 1173 7.51 0 0.0 0 1173
22 1173 7.51 0 0.0 0 1173
24 1173 7.51 0 0.0 0 1173
26 1173 7.51 0 0.0 0 1173
28 1173 7.51 0 0.0 0 1173
30 1173 7.51 0 0.0 0 1173
32 1173 7.51 0 0.0 0 1173
34 1173 7.51 0 0.0 0 1173
36 1173 7.51 0 0.0 0 1173
38 1173 7.51 0 0.0 0 1173
40 1173 7.51 0 0.0 0 1173
42 1173 7.51 0 0.0 0 1173
44 1173 7.51 0 0.0 0 1173
46 1173 7.51 0 0.0 0 1173
48 1173 7.51 0 0.0 0 1173
50 1173 7.51 0 0.0 0 1173
52 1173 7.51 0 0.0 0 1173
54 1173 7.51 0 0.0 0 1173
56 1173 7.51 0 0.0 0 1173
58 1173 7.51 0 0.0 0 1173
60 1173 7.51 0 0.0 0 1173
62 1173 7.51 0 0.0 0 1173
64 1173 7.51 0 0.0 0 1173
66 1173 7.51 0 0.0 0 1173
68 1173 7.51 0 0.0 0 1173
70 1173 7.51 0 0.0 0 1173
72 1173 7.51 0 0.0 0 1173
74 1173 7.51 0 0.0 0 1173
76 1173 7.51 0 0.0 0 1173
78 1173 7.51 0 0.0 0 1173
80 1173 7.51 0 0.0 0 1173
82 1173 7.51 0 0.0 0 1173
84 1173 7.51 0 0.0 0 1173
86 1173 7.51 0 0.0 0 1173
88 1173 7.51 0 0.0 0 1173
90 1173 7.51 0 0.0 0 1173
92 1173 7.51 0 0.0 0 1173
94 1173 7.51 0 0.0 0 1173
96 1173 7.51 0 0.0 0 1173
98 1173 7.51 0 0.0 0 1173
100 1173 7.51 0 0.0 0 1173
102 1173 7.51 0 0.0 0 1173
104 1173 7.51 0 0.0 0 1173
106 1173 7.51 0 0.0 0 1173
108 1173 7.51 0 0.0 0 1173
110 1173 7.51 0 0.0 0 1173
112 1173 7.51 0 0.0 0 1173
114 1173 7.51 0 0.0 0 1173
116 1173 7.51 0 0.0 0 1173
118 1173 7.51 0 0.0 0 1173
120 1173 7.51 0 0.0 0 1173
122 1173 7.51 0 0.0 0 1173
124 1173 7.51 0 0.0 0 1173
126 1173 7.51 0 0.0 0 1173
128 1173 7.51 0 0.0 0 1173
130 1173 7.51 0 0.0 0 1173
132 1173 7.51 0 0.0 0 1173
134 1173 7.51 0 0.0 0 1173
136 1173 7.51 0 0.0 0 1173
138 1173 7.51 0 0.0 0 1173
140 1173 7.51 0 0.0 0 1173
142 1173 7.51 0 0.0 0 1173
144 1173 7.51 0 0.0 0 1173
146 1173 7.51 0 0.0 0 1173
148 1173 7.51 0 0.0 0 1173
150 1173 7.51 0 0.0 0 1173
152 1173 7.51 0 0.0 0 1173
154 1173 7.51 0 0.0 0 1173
156 1173 7.51 0 0.0 0 1173
158 1173 7.51 0 0.0 0 1173
160 1173 7.51 0 0.0 0 1173
162 1173 7.51 0 0.0 0 1173
164 1173 7.51 0 0.0 0 1173
166 1173 7.51 0 0.0 0 1173
168 1173 7.51 0 0.0 0 1173
170 1173 7.51 0 0.0 0 1173
172 1173 7.51 0 0.0 0 1173
174 1173 7.51 0 0.0 0 1173
176 1173 7.51 0 0.0 0 1173
178 1173 7.51 0 0.0 0 1173
180 1173 7.51 0 0.0 0 1173
182 1173 7.51 0 0.0 0 1173
184 1173 7.51 0 0.0 0 1173
186 1173 7.51 0 0.0 0 1173
188 1173 7.51 0 0.0 0 1173
190 1173 7.51 0 0.0 0 1173
192 1173 7.51 0 0.0 0 1173
194 1173 7.51 0 0.0 0 1173
196 1173 7.51 0 0.0 0 1173
198 1173 7.51 0 0.0 0 1173
200 1173 7.51 0 0.0 0 1173
202 1173 7.51 0 0.0 0 1173
204 1173 7.51 0 0.0 0 1173
206 1173 7.51 0 0.0 0 1173
208 1173 7.51 0 0.0 0 1173
210 1173 7.51 0 0.0 0 1173
212 1173 7.51 0 0.0 0 1173
214 1173 7.51 0 0.0 0 1173
216 1173 7.51 0 0.0 0 1173
218 1173 7.51 0 0.0 0 1173
220 1173 7.51 0 0.0 0 1173
222 1173 7.51 0 0.0 0 1173
224 1173 7.51 0 0.0 0 1173
226 1173 7.51 0 0.0 0 1173
228 1173 7.51 0 0.0 0 1173
230 1173 7.51 0 0.0 0 1173
232 1173 7.51 0 0.0 0 1173
234 1173 7.51 0 0.0 0 1173
236 1173 7.51 0 0.0 0 1173
238 1173 7.51 0 0.0 0 1173
240 1173 7.51 0 0.0 0 1173
242 1173 7.51 0 0.0 0 1173
244 1173 7.51 0 0.0 0 1173
246 1173 7.51 0 0.0 0 1173
248 1173 7.51 0 0.0 0 1173
250 1173 7.51 0 0.0 0 1173
252 1173 7.51 0 0.0 0 1173
254 1173 7.51 0 0.0 0 1173
256 1173 7.51 0 0.0 0 1173
258 1173 7.51 0 0.0 0 1173
260 1173 7.51 0 0.0 0 1173
262 1173 7.51 0 0.0 0 1173
264 1173 7.51 0 0.0 0 1173
266 1173 7.51 0 0.0 0 1173
268 1173 7.51 0 0.0 0 1173
270 1173 7.51 0 0.0 0 1173
272 1173 7.51 0 0.0 0 1173
274 1173 7.51 0 0.0 0 1173
276 1173 7.51 0 0.0 0 1173
278 1173 7.51 0 0.0 0 1173
280 1173 7.51 0 0.0 0 1173
282 1173 7.51 0 0.0 0 1173
284 1173 7.51 0 0.0 0 1173
286 1173 7.51 0 0.0 0 1173
288 1173 7.51 0 0.0 0 1173
290 1173 7.51 0 0.0 0 1173
292 1173 7.51 0 0.0 0 1173
294 1173 7.51 0 0.0 0 1173
296 1173 7.51 0 0.0 0 1173
298 1173 7.51 0 0.0 0 1173
300 1173 7.51 0 0.0 0 1173
302 1173 7.51 0 0.0 0 1173
304 1173 7.51 0 0.0 0 1173
306 1173 7.51 0 0.0 0 1173
308 1173 7.51 0 0.0 0 1173
310 1173 7.51 0 0.0 0 1173
312 1173 7.51 0 0.0 0 1173
314 1173 7.51 0 0.0 0 1173
316 1173 7.51 0 0.0 0 1173
318 1173 7.51 0 0.0 0 1173
320 1173 7.51 0 0.0 0 1173
322 1173 7.51 0 0.0 0 1173
324 1173 7.51 0 0.0 0 1173
326 1173 7.51 0 0.0 0 1173
328 1173 7.51 0 0.0 0 1173
330 1173 7.51 0 0.0 0 1173
332 1173 7.51 0 0.0 0 1173
334 1173 7.51 0 0.0 0 1173
336 1173 7.51 0 0.0 0 1173
338 1173 7.51 0 0.0 0 1173
340 1173 7.51 0 0.0 0 1173
342 1173 7.51 0 0.0 0 1173
344 1173 7.51 0 0.0 0 1173
346 1173 7.51 0 0.0 0 1173
348 1173 7.51 0 0.0 0 1173
350 1173 7.51 0 0.0 0 1173
352 1173 7.51 0 0.0 0 1173
354 1173 7.51 0 0.0 0 1173
356 1173 7.51 0 0.0 0 1173
358 1173 7.51 0 0.0 0 1173
360 1173 7.51 0 0.0 0 1173
362 1173 7.51 0 0.0 0 1173
364 1173 7.51 0 0.0 0 1173
366 1173 7.51 0 0.0 0 1173
368 1173 7.51 0 0.0 0 1173
370 1173 7.51 0 0.0 0 1173
372 1173 7.51 0 0.0 0 1173
374 1173 7.51 0 0.0 0 1173
376 1173 7.51 0 0.0 0 1173
378 1173 7.51 0 0.0 0 1173
380 1173 7.51 0 0.0 0 1173
382 1173 7.51 0 0.0 0 1173
384 1173 7.51 0 0.0 0 1173
386 1173 7.51 0 0.0 0 1173
388 1173 7.51 0 0.0 0 1173
390 1173 7.51 0 0.0 0 1173
392 1173 7.51 0 0.0 0 1173
394 1173 7.51 0 0.0 0 1173
396 1173 7.51 0 0.0 0 1173
398 1173 7.51 0 0.0 0 1173
400 1173 7.51 0 0.0 0 1173
402 1173 7.51 0 0.0 0 1173
404 1173 7.51 0 0.0 0 1173
406 1173 7.51 0 0.0 0 1173
408 1173 7.51 0 0.0 0 1173
410 1173 7.51 0 0.0 0 1173
412 1173 7.51 0 0.0 0 1173
414 1173 7.51 0 0.0 0 1173
416 1173 7.51 0 0.0 0 1173
418 1173 7.51 0 0.0 0 1173
420 1173 7.51 0 0.0 0 1173
422 1173 7.51 0 0.0 0 1173
424 1173 7.51 0 0.0 0 1173
426 1173 7.51 0 0.0 0 1173
428 1173 7.51 0 0.0 0 1173
430 1173 7.51 0 0.0 0 1173
432 1173 7.51 0 0.0 0 1173
434 1173 7.51 0 0.0 0 1173
436 1173 7.51 0 0.0 0 1173
438 1173 7.51 0 0.0 0 1173
440 1173 7.51 0 0.0 0 1173
442 1173 7.51 0 0.0 0 1173
444 1173 7.51 0 0.0 0 1173
446 1173 7.51 0 0.0 0 1173
448 1173 7.51 0 0.0 0 1173
450 1173 7.51 0 0.0 0 1173
452 1173 7.51 0 0.0 0 1173
454 1173 7.51 0 0.0 0 1173
456 1173 7.51 0 0.0 0 1173
458 1173 7.51 0 0.0 0 1173
460 1173 7.51 0 0.0 0 1173
462 1173 7.51 0 0.0 0 1173
464 1173 7.51 0 0.0 0 1173
466 1173 7.51 0 0.0 0 1173
468 1173 7.51 0 0.0 0 1173
470 1173 7.51 0 0.0 0 1173
472 1173 7.51 0 0.0 0 1173
474 1173 7.51 0 0.0 0 1173
476 1173 7.51 0 0.0 0 1173
478 1173 7.51 0 0.0 0 1173
480 1173 7.51 0 0.0 0 1173
482 1173 7.51 0 0.0 0 1173
484 1173 7.51 0 0.0 0 1173
486 1173 7.51 0 0.0 0 1173
488 1173 7.51 0 0.0 0 1173
490 1173 7.51 0 0.0 0 1173
492 1173 7.51 0 0.0 0 1173
494 1173 7.51 0 0.0 0 1173
496 1173 7.51 0 0.0 0 1173
498 1173 7.51 0 0.0 0 1173
500 1173 7.51 0 0.0 0 1173
502 1173 7.51 0 0.0 0 1173
504 1173 7.51 0 0.0 0 1173
506 1173 7.51 0 0.0 0 1173
508 1173 7.51 0 0.0 0 1173
510 1173 7.51 0 0.0 0 1173
512 1173 7.51 0 0.0 0 1173
514 1173 7.51 0 0.0 0 1173
516 1173 7.51 0 0.0 0 1173
518 1173 7.51 0 0.0 0 1173
520 1173 7.51 0 0.0 0 1173
522 1173 7.51 0 0.0 0 1173
524 1173 7.51 0 0.0 0 1173
526 1173 7.51 0 0.0 0 1173
528 1173 7.51 0 0.0 0 1173
530 1173 7.51 0 0.0 0 1173
532 1173 7.51 0 0.0 0 1173
534 1173 7.51 0 0.0 0 1173
536 1173 7.51 0 0.0 0 1173
538 1173 7.51 0 0.0 0 1173
540 1173 7.51 0 0.0 0 1173
542 1173 7.51 0 0.0 0 1173
544 1173 7.51 0 0.0 0 1173
546 1173 7.51 0 0.0 0 1173
548 1173 7.51 0 0.0 0 1173
550 1173 7.51 0 0.0 0 1173
552 1173 7.51 0 0.0 0 1173
554 1173 7.51 0 0.0 0 1173
556 1173 7.51 0 0.0 0 1173
558 1173 7.51 0 0.0 0 1173
560 1173 7.51 0 0.0 0 1173
562 1173 7.51 0 0.0 0 1173
564 1173 7.51 0 0.0 0 1173
566 1173 7.51 0 0.0 0 1173
568 1173 7.51 0 0.0 0 1173
570 1173 7.51 0 0.0 0 1173
572 1173 7.51 0 0.0 0 1173
574 1173 7.51 0 0.0 0 1173
576 1173 7.51 0 0.0 0 1173
578 1173 7.51 0 0.0 0 1173
580 1173 7.51 0 0.0 0 1173
582 1173 7.51 0 0.0 0 1173
584 1173 7.51 0 0.0 0 1173
586 1173 7.51 0 0.0 0 1173
588 1173 7.51 0 0.0 0 1173
590 1173 7.51 0 0.0 0 1173
592 1173 7.51 0 0.0 0 1173
594 1173 7.51 0 0.0 0 1173
596 1173 7.51 0 0.0 0 1173
598 1173 7.51 0 0.0 0 1173
600 1173 7.51 0 0.0 0 1173
602 1173 7.51 0 0.0 0 1173
604 1173 7.51 0 0.0 0 1173
606 1173 7.51 0 0.0 0 1173
608 1173 7.51 0 0.0 0 1173
610 1173 7.51 0 0.0 0 1173
612 1173 7.51 0 0.0 0 1173
614 1173 7.51 0 0.0 0 1173
616 1173 7.51 0 0.0 0 1173
618 1173 7.51 0 0.0 0 1173
620 1173 7.51 0 0.0 0 1173
622 1173 7.51 0 0.0 0 1173
624 1173 7.51 0 0.0 0 1173
626 1173 7.51 0 0.0 0 1173
628 1173 7.51 0 0.0 0 1173
630 1173 7.51 0 0.0 0 1173
632 1173 7.51 0 0.0 0 1173
634 1173 7.51 0 0.0 0 1173
636 1173 7.51 0 0.0 0 1173
638 1173 7.51 0 0.0 0 1173
640 1173 7.51 0 0.0 0 1173
642 1173 7.51 0 0.0 0 1173
644 1173 7.51 0 0.0 0 1173
646 1173 7.51 0 0.0 0 1173
648 1173 7.51 0 0.0 0 1173
650 1173 7.51 0 0.0 0 1173
652 1173 7.51 0 0.0 0 1173
654 1173 7.51 0 0.0 0 1173
656 1173 7.51 0 0.0 0 1173
658 1173 7.51 0 0.0 0 1173
660 1173 7.51 0 0.0 0 1173
662 1173 7.51 0 0.0 0 1173
664 1173 7.51 0 0.0 0 1173
666 1173 7.51 0 0.0 0 1173
668 1173 7.51 0 0.0 0 1173
670 1173 7.51 0 0.0 0 1173
672 1173 7.51 0 0.0 0 1173
674 1173 7.51 0 0.0 0 1173
676 1173 7.51 0 0.0 0 1173
678 1173 7.51 0 0.0 0 1173
680 1173 7.51 0 0.0 0 1173
682 1173 7.51 0 0.0 0 1173
684 1173 7.51 0 0.0 0 1173
686 1173 7.51 0 0.0 0 1173
688 1173 7.51 0 0.0 0 1173
690 1173 7.51 0 0.0 0 1173
692 1173 7.51 0 0.0 0 1173
694 1173 7.51 0 0.0 0 1173
696 1173 7.51 0 0.0 0 1173
698 1173 7.51 0 0.0 0 1173
700 1173 7.51 0 0.0 0 1173
702 1173 7.51 0 0.0 0 1173
704 1173 7.51 0 0.0 0 1173
706 1173 7.51 0 0.0 0 1173
708 1173 7.51 0 0.0 0 1173
710 1173 7.51 0 0.0 0 1173
712 1173 7.51 0 0.0 0 1173
714 1173 7.51 0 0.0 0 1173
716 1173 7.51 0 0.0 0 1173
718 1173 7.51 0 0.0 0 1173
720 1173 7.51 0 0.0 0 1173
722 1173 7.51 0 0.0 0 1173
724 1173 7.51 0 0.0 0 1173
726 1173 7.51 0 0.0 0 1173
728 1173 7.51 0 0.0 0 1173
730 1173 7.51 0 0.0 0 1173
732 1173 7.51 0 0.0 0 1173
734 1173 7.51 0 0.0 0 1173
736 1173 7.51 0 0.0 0 1173
738 1173 7.51 0 0.0 0 1173
740 1173 7.51 0 0.0 0 1173
742 1173 7.51 0 0.0 0 1173
744 1173 7.51 0 0.0 0 1173
746 1173 7.51 0 0.0 0 1173
748 1173 7.51 0 0.0 0 1173
750 1173 7.51 0 0.0 0 1173
752 1173 7.51 0 0.0 0 1173
754 1173 7.51 0 0.0 0 1173
756 1173 7.51 0 0.0 0 1173
758 1173 7.51 0 0.0 0 1173
760 1173 7.51 0 0.0 0 1173
762 1173 7.51 0 0.0 0 1173
764 1173 7.51 0 0.0 0 1173
766 1173 7.51 0 0.0 0 1173
768 1173 7.51 0 0.0 0 1173
770 1173 7.51 0 0.0 0 1173
772 1173 7.51 0 0.0 0 1173
774 1173 7.51 0 0.0 0 1173
776 1173 7.51 0 0.0 0 1173
778 1173 7.51 0 0.0 0 1173
780 1173 7.51 0 0.0 0 1173
782 1173 7.51 0 0.0 0 1173
784 1173 7.51 0 0.0 0 1173
786 1173 7.51 0 0.0 0 1173
788 1173 7.51 0 0.0 0 1173
790 1173 7.51 0 0.0 0 1173
792 1173 7.51 0 0.0 0 1173
794 1173 7.51 0 0.0 0 1173
796 1173 7.51 0 0.0 0 1173
798 1173 7.51 0 0.0 0 1173
800 1173 7.51 0 0.0 0 1173
802 1173 7.51 0 0.0 0 1173
804 1173 7.51 0 0.0 0 1173
806 1173 7.51 0 0.0 0 1173
808 1173 7.51 0 0.0 0 1173
810 1173 7.51 0 0.0 0 1173
812 1173 7.51 0 0.0 0 1173
814 1173 7.51 0 0.0 0 1173
816 1173 7.51 0 0.0 0 1173
818 1173 7.51 0 0.0 0 1173
820 1173 7.51 0 0.0 0 1173
822 1173 7.51 0 0.0 0 1173
824 1173 7.51 0 0.0 0 1173
826 1173 7.51 0 0.0 0 1173
828 1173 7.51 0 0.0 0 1173
830 1173 7.51 0 0.0 0 1173
832 1173 7.51 0 0.0 0 1173
834 1173 7.51 0 0.0 0 1173
836 1173 7.51 0 0.0 0 1173
838 1173 7.51 0 0.0 0 1173
840 1173 7.51 0 0.0 0 1173
842 1173 7.51 0 0.0 0 1173
844 1173 7.51 0 0.0 0 1173
846 1173 7.51 0 0.0 0 1173
848 1173 7.51 0 0.0 0 1173
850 1173 7.51 0 0.0 0 1173
852 1173 7.51 0 0.0 0 1173
854 1173 7.51 0 0.0 0 1173
856 1173 7.51 0 0.0 0 1173
858 1173 7.51 0 0.0 0 1173
860 1173 7.51 0 0.0 0 1173
862 1173 7.51 0 0.0 0 1173
864 1173 7.51 0 0.0 0 1173
866 1173 7.51 0 0.0 0 1173
868 1173 7.51 0 0.0 0 1173
870 1173 7.51 0 0.0 0 1173
872 1173 7.51 0 0.0 0 1173
874 1173 7.51 0 0.0 0 1173
876 1173 7.51 0 0.0 0 1173
878 1173 7.51 0 0.0 0 1173
880 1173 7.51 0 0.0 0 1173
882 1173 7.51 0 0.0 0 1173
884 1173 7.51 0 0.0 0 1173
886 1173 7.51 0 0.0 0 1173
888 1173 7.51 0 0.0 0 1173
890 1173 7.51 0 0.0 0 1173
892 1173 7.51 0 0.0 0 1173
894 1173 7.51 0 0.0 0 1173
896 1173 7.51 0 0.0 0 1173
898 1173 7.51 0 0.0 0 1173
900 1173 7.51 0 0.0 0 1173
902 1173 7.51 0 0.0 0 1173
904 1173 7.51 0 0.0 0 1173
906 1173 7.51 0 0.0 0 1173
908 1173 7.51 0 0.0 0 1173
910 1173 7.51 0 0.0 0 1173
912 1173 7.51 0 0.0 0 1173
914 1173 7.51 0 0.0 0 1173
916 1173 7.51 0 0.0 0 1173
918 1173 7.51 0 0.0 0 1173
920 1173 7.51 0 0.0 0 1173
922 1173 7.51 0 0.0 0 1173
924 1173 7.51 0 0.0 0 1173
926 1173 7.51 0 0.0 0 1173
928 1173 7.51 0 0.0 0 1173
930 1173 7.51 0 0.0 0 1173
932 1173 7.51 0 0.0 0 1173
934 1173 7.51 0 0.0 0 1173
936 1173 7.51 0 0.0 0 1173
938 1173 7.51 0 0.0 0 1173
940 1173 7.51 0 0.0 0 1173
942 1173 7.51 0 0.0 0 1173
944 1173 7.51 0 0.0 0 1173
946 1173 7.51 0 0.0 0 1173
948 1173 7.51 0 0.0 0 1173
950 1173 7.51 0 0.0 0 1173
952 1173 7.51 0 0.0 0 1173
954 1173 7.51 0 0.0 0 1173
956 1173 7.51 0 0.0 0 1173
958 1173 7.51 0 0.0 0 1173
960 1173 7.51 0 0.0 0 1173
962 1173 7.51 0 0.0 0 1173
964 1173 7.51 0 0.0 0 1173
966 1173 7.51 0 0.0 0 1173
968 1173 7.51 0 0.0 0 1173
970 1173 7.51 0 0.0 0 1173
972 1173 7.51 0 0.0 0 1173
974 1173 7.51 0 0.0 0 1173
976 1173 7.51 0 0.0 0 1173
978 1173 7.51 0 0.0 0 1173
980 1173 7.51 0 0.0 0 1173
982 1173 7.51 0 0.0 0 1173
984 1173 7.51 0 0.0 0 1173
986 1173 7.51 0 0.0 0 1173
988 1173 7.51 0 0.0 0 1173
990 1173 7.51 0 0.0 0 1173
992 1173 7.51 0 0.0 0 1173
994 1173 7.51 0 0.0 0 1173
996 1173 7.51 0 0.0 0 1173
998 1173 7.51 0 0.0 0 1173
1000 1173 7.51 0 0.0 0 1173
1002 1173 7.51 0 0.0 0 1173
1004 1173 7.51 0 0.0 0 1173
1006 1173 7.51 0 0.0 0 1173
1008 1173 7.51 0 0.0 0 1173
1010 1173 7.51 0 0.0 0 1173
1012 1173 7.51 0 0.0 0 1173
1014 1173 7.51 0 0.0 0 1173
1016 1173 7.51 0 0.0 0 1173
1018 1173 7.51 0 0.0 0 1173
1020 1173 7.51 0 0.0 0 1173
1022 1173 7.51 0 0.0 0 1173
1024 1173 7.51 0 0.0 0 1173
1026 1173 7.51 0 0.0 0 1173
1028 1173 7.51 0 0.0 0 1173
1030 1173 7.51 0 0.0 0 1173
1032 1173 7.51 0 0.0 0 1173
1034 1173 7.51 0 0.0 0 1173
1036 1173 7.51 0 0.0 0 1173
1038 1173 7.51 0 0.0 0 1173
1040 1173 7.51 0 0.0 0 1173
1042 1173 7.51 0 0.0 0 1173
1044 1173 7.51 0 0.0 0 1173
1046 1173 7.51 0 0.0 0 1173
1048 1173 7.51 0 0.0 0 1173
1050 1173 7.51 0 0.0 0 1173
1052 1173 7.51 0 0.0 0 1173
1054 1173 7.51 0 0.0 0 1173
1056 1173 7.51 0 0.0 0 1173
1058 1173 7.51 0 0.0 0 1173
1060 1173 7.51 0 0.0 0 1173
1062 1173 7.51 0 0.0 0 1173
1064 1173 7.51 0 0.0 0 1173
1066 1173 7.51 0 0.0 0 1173
1068 1173 7.51 0 0.0 0 1173
1070 1173 7.51 0 0.0 0 1173
1072 1173 7.51 0 0.0 0 1173
1074 1173 7.51 0 0.0 0 1173
1076 1173 7.51 0 0.0 0 1173
1078 1173 7.51 0 0.0 0 1173
1080 1173 7.51 0 0.0 0 1173
1082 1173 7.51 0 0.0 0 1173
1084 1173 7.51 0 0.0 0 1173
1086 1173 7.51 0 0.0 0 1173
1088 1173 7.51 0 0.0 0 1173
1090 1173 7.51 0 0.0 0 1173
1092 1173 7.51 0 0.0 0 1173
1094 1173 7.51 0 0.0 0 1173
1096 1173 7.51 0 0.0 0 1173
1098 1173 7.51 0 0.0 0 1173
1100 1173 7.51 0 0.0 0 1173
1102 1173 7.51 0 0.0 0 1173
1104 1173 7.51 0 0.0 0 1173
1106 1173 7.51 0 0.0 0 1173
1108 1173 7.51 0 0.0 0 1173
1110 1173 7.51 0 0.0 0 1173
1112 1173 7.51 0 0.0 0 1173
1114 1173 7.51 0 0.0 0 1173
1116 1173 7.51 0 0.0 0 1173
1118 1173 7.51 0 0.0 0 1173
1120 1173 7.51 0 0.0 0 1173
1122 1173 7.51 0 0.0 0 1173
1124 1173 7.51 0 0.0 0 1173
1126 1173 7.51 0 0.0 0 1173
1128 1173 7.51 0 0.0 0 1173
1130 1173 7.51 0 0.0 0 1173
1132 1173 7.51 0 0.0 0 1173
1134 1173 7.51 0 0.0 0 1173
1136 1173 7.51 0 0.0 0 1173
1138 1173 7.51 0 0.0 0 1173
1140 1173 7.51 0 0.0 0 1173
1142 1173 7.51 0 0.0 0 1173
1144 1173 7.51 0 0.0 0 1173
1146 1173 7.51 0 0.0 0 1173
1148 1173 7.51 0 0.0 0 1173
1150 1173 7.51 0 0.0 0 1173
1152 1173 7.51 0 0.0 0 1173
1154 1173 7.51 0 0.0 0 1173
1156 1173 7.51 0 0.0 0 1173
1158 1173 7.51 0 0.0 0 1173
1160 1173 7.51 0 0.0 0 1173
1162 1173 7.51 0 0.0 0 1173
1164 1173 7.51 0 0.0 0 1173
1166 1173 7.51 0 0.0 0 1173
1168 1173 7.51 0 0.0 0 1173
1170 1173 7.51 0 0.0 0 1173
1172 1173 7.51 0 0.0 0 1173
1174 1173 7.51 0 0.0 0 1173
1176 1173 7.51 0 0.0 0 1173
1178 1173 7.51 0 0.0 0 1173
1180 1173 7.51 0 0.0 0 1173
1182 1173 7.51 0 0.0 0 1173
1184 1173 7.51 0 0.0 0 1173
1186 1173 7.51 0 0.0 0 1173
1188 1173 7.51 0 0.0 0 1173
1190 1173 7.51 0 0.0 0 1173
1192 1173 7.51 0 0.0 0 1173
1194 1173 7.51 0 0.0 0 1173
1196 1173 7.51 0 0.0 0 1173
1198 1173 7.51 0 0.0 0 1173
1200 1173 7.51 0 0.0 0 1173
1202 1173 7.51 0 0.0 0 1173
1204 1173 7.51 0 0.0 0 1173
1206 1173 7.51 0 0.0 0 1173
1208 1173 7.51 0 0.0 0 1173
1210 1173 7.51 0 0.0 0 1173
1212 1173 7.51 0 0.0 0 1173
1214 1173 7.51 0 0.0 0 1173
1216 1173 7.51 0 0.0 0 1173
1218 1173 7.51 0 0.0 0 1173
1220 1173 7.51 0 0.0 0 1173
1222 1173 7.51 0 0.0 0 1173
1224 1173 7.51 0 0.0 0 1173
1226 1173 7.51 0 0.0 0 1173
1228 1173 7.51 0 0.0 0 1173
1230 1173 7.51 0 0.0 0 1173
1232 1173 7.51 0 0.0 0 1173
1234 1173 7.51 0 0.0 0 1173
1236 1173 7.51 0 0.0 0 1173
1238 1173 7.51 0 0.0 0 1173
1240 1173 7.51 0 0.0 0 1173
1242 1173 7.51 0 0.0 0 1173
1244 1173 7.51 0 0.0 0 1173
1246 1173 7.51 0 0.0 0 1173
1248 1173 7.51 0 0.0 0 1173
1250 1173 7.51 0 0.0 0 1173
1252 1173 7.51 0 0.0 0 1173
1254 1173 7.51 0 0.0 0 1173
1256 1173 7.51 0 0.0 0 1173
1258 1173 7.51 0 0.0 0 1173
1260 1173 7.51 0 0.0 0 1173
1262 1173 7.51 0 0.0 0 1173
1264 1173 7.51 0 0.0 0 1173
1266 1173 7.51 0 0.0 0 1173
1268 1173 7.51 0 0.0 0 1173
1270 1173 7.51 0 0.0 0 1173
1272 1173 7.51 0 0.0 0 1173
1274 1173 7.51 0 0.0 0 1173
1276 1173 7.51 0 0.0 0 1173
1278 1173 7.51 0 0.0 0 1173
1280 1173 7.51 0 0.0 0 1173
1282 1173 7.51 0 0.0 0 1173
1284 1173 7.51 0 0.0 0 1173
1286 1173 7.51 0 0.0 0 1173
1288 1173 7.51 0 0.0 0 1173
1290 1173 7.51 0 0.0 0 1173
1292 1173 7.51 0 0.0 0 1173
1294 1173 7.51 0 0.0 0 1173
1296 1173 7.51 0 0.0 0 1173
1298 1173 7.51 0 0.0 0 1173
1300 1173 7.51 0 0.0 0 1173
1302 1173 7.51 0 0.0 0 1173
1304 1173 7.51 0 0.0 0 1173
1306 1173 7.51 0 0.0 0 1173
1308 1173 7.51 0 0.0 0 1173
1310 1173 7.51 0 0.0 0 1173
1312 1173 7.51 0 0.0 0 1173
1314 1173 7.51 0 0.0 0 1173
1316 1173 7.51 0 0.0 0 1173
1318 1172 7.5 0 0.0 1 1173
1320 1172 7.5 0 0.0 1 1172
1322 1172 7.5 0 0.0 1 1172
1324 1172 7.5 0 0.0 1 1172
1326 1172 7.5 0 0.0 1 1172
1328 1172 7.5 0 0.0 1 1172
1330 1172 7.5 0 0.0 1 1172
1332 1172 7.5 0 0.0 1 1172
1334 1172 7.5 0 0.0 1 1172
1336 1172 7.5 0 0.0 1 1172
1338 1172 7.5 0 0.0 1 1172
1340 1172 7.5 0 0.0 1 1172
1342 1172 7.5 0 0.0 1 1172
1344 1172 7.5 0 0.0 1 1172
1346 1172 7.5 0 0.0 1 1172
1348 1172 7.5 0 0.0 1 1172
1350 1172 7.5 0 0.0 1 1172
1352 1172 7.5 0 0.0 1 1172
1354 1172 7.5 0 0.0 1 1172
1356 1172 7.5 0 0.0 1 1172
1358 1172 7.5 0 0.0 1 1172
1360 1172 7.5 0 0.0 1 1172
1362 1172 7.5 0 0.0 1 1172
1364 1172 7.5 0 0.0 1 1172
1366 1172 7.5 0 0.0 1 1172
1368 1172 7.5 0 0.0 1 1172
1370 1172 7.5 0 0.0 1 1172
1372 1172 7.5 0 0.0 1 1172
1374 1172 7.5 0 0.0 1 1172
1376 1172 7.5 0 0.0 1 1172
1378 1172 7.5 0 0.0 1 1172
1380 1172 7.5 0 0.0 1 1172
1382 1172 7.5 0 0.0 1 1172
1384 1172 7.5 0 0.0 1 1172
1386 1172 7.5 0 0.0 1 1172
1388 1172 7.5 0 0.0 1 1172
1390 1172 7.5 0 0.0 1 1172
1392 1172 7.5 0 0.0 1 1172
1394 1172 7.5 0 0.0 1 1172
1396 1172 7.5 0 0.0 1 1172
1398 1172 7.5 0 0.0 1 1172
1400 1172 7.5 0 0.0 1 1172
1402 1172 7.5 0 0.0 1 1172
1404 1172 7.5 0 0.0 1 1172
1406 1172 7.5 0 0.0 1 1172
1408 1172 7.5 0 0.0 1 1172
1410 1172 7.5 0 0.0 1 1172
1412 1172 7.5 0 0.0 1 1172
1414 1172 7.5 0 0.0 1 1172
1416 1172 7.5 0 0.0 1 1172
1418 1172 7.5 0 0.0 1 1172
1420 1172 7.5 0 0.0 1 1172
1422 1172 7.5 0 0.0 1 1172
1424 1172 7.5 0 0.0 1 1172
1426 1172 7.5 0 0.0 1 1172
1428 1172 7.5 0 0.0 1 1172
1430 1172 7.5 0 0.0 1 1172
1432 1172 7.5 0 0.0 1 1172
1434 1172 7.5 0 0.0 1 1172
1436 1172 7.5 0 0.0 1 1172
1438 1171 7.49 0 0.0 2 1172
1440 1171 7.49 0 0.0 2 1171
