Time Custom..._Count Custom..._Conc Glycerol_Count Glycerol_Conc Custom..._Died bacteria_couldn't_eat
0 43 0.21 57811 2.76 0 0
2 43 0.21 57811 2.76 0 0
4 43 0.37 55817 2.67 0 0
6 129 0.66 51971 2.48 0 0
8 129 1.18 45663 2.18 0 0
10 378 2.06 35885 1.71 0 0
12 389 3.41 21248 1.01 0 32
14 774 4.77 7777 0.37 0 69
16 844 5.36 1860 0.09 0 419
18 857 5.52 186 0.01 0 593
20 857 5.54 1 0.0 0 788
22 857 5.54 0 0.0 0 856
24 857 5.54 0 0.0 0 857
26 857 5.54 0 0.0 0 857
28 857 5.54 0 0.0 0 857
30 857 5.54 0 0.0 0 857
32 857 5.54 0 0.0 0 857
34 857 5.54 0 0.0 0 857
36 857 5.54 0 0.0 0 857
38 857 5.54 0 0.0 0 857
40 857 5.54 0 0.0 0 857
42 857 5.54 0 0.0 0 857
44 857 5.54 0 0.0 0 857
46 857 5.54 0 0.0 0 857
48 857 5.54 0 0.0 0 857
50 857 5.54 0 0.0 0 857
52 857 5.54 0 0.0 0 857
54 857 5.54 0 0.0 0 857
56 857 5.54 0 0.0 0 857
58 857 5.54 0 0.0 0 857
60 857 5.54 0 0.0 0 857
62 857 5.54 0 0.0 0 857
64 857 5.54 0 0.0 0 857
66 857 5.54 0 0.0 0 857
68 857 5.54 0 0.0 0 857
70 857 5.54 0 0.0 0 857
72 857 5.54 0 0.0 0 857
74 857 5.54 0 0.0 0 857
76 857 5.54 0 0.0 0 857
78 857 5.54 0 0.0 0 857
80 857 5.54 0 0.0 0 857
82 857 5.54 0 0.0 0 857
84 857 5.54 0 0.0 0 857
86 857 5.54 0 0.0 0 857
88 857 5.54 0 0.0 0 857
90 857 5.54 0 0.0 0 857
92 857 5.54 0 0.0 0 857
94 857 5.54 0 0.0 0 857
96 857 5.54 0 0.0 0 857
98 857 5.54 0 0.0 0 857
100 857 5.54 0 0.0 0 857
102 857 5.54 0 0.0 0 857
104 857 5.54 0 0.0 0 857
106 857 5.54 0 0.0 0 857
108 857 5.54 0 0.0 0 857
110 857 5.54 0 0.0 0 857
112 857 5.54 0 0.0 0 857
114 857 5.54 0 0.0 0 857
116 857 5.54 0 0.0 0 857
118 857 5.54 0 0.0 0 857
120 857 5.54 0 0.0 0 857
122 857 5.54 0 0.0 0 857
124 857 5.54 0 0.0 0 857
126 857 5.54 0 0.0 0 857
128 857 5.54 0 0.0 0 857
130 857 5.54 0 0.0 0 857
132 857 5.54 0 0.0 0 857
134 857 5.54 0 0.0 0 857
136 857 5.54 0 0.0 0 857
138 857 5.54 0 0.0 0 857
140 857 5.54 0 0.0 0 857
142 857 5.54 0 0.0 0 857
144 857 5.54 0 0.0 0 857
146 857 5.54 0 0.0 0 857
148 857 5.54 0 0.0 0 857
150 857 5.54 0 0.0 0 857
152 857 5.54 0 0.0 0 857
154 857 5.54 0 0.0 0 857
156 857 5.54 0 0.0 0 857
158 857 5.54 0 0.0 0 857
160 857 5.54 0 0.0 0 857
162 857 5.54 0 0.0 0 857
164 857 5.54 0 0.0 0 857
166 857 5.54 0 0.0 0 857
168 857 5.54 0 0.0 0 857
170 857 5.54 0 0.0 0 857
172 857 5.54 0 0.0 0 857
174 857 5.54 0 0.0 0 857
176 857 5.54 0 0.0 0 857
178 857 5.54 0 0.0 0 857
180 857 5.54 0 0.0 0 857
182 857 5.54 0 0.0 0 857
184 857 5.54 0 0.0 0 857
186 857 5.54 0 0.0 0 857
188 857 5.54 0 0.0 0 857
190 857 5.54 0 0.0 0 857
192 857 5.54 0 0.0 0 857
194 857 5.54 0 0.0 0 857
196 857 5.54 0 0.0 0 857
198 857 5.54 0 0.0 0 857
200 857 5.54 0 0.0 0 857
202 857 5.54 0 0.0 0 857
204 857 5.54 0 0.0 0 857
206 857 5.54 0 0.0 0 857
208 857 5.54 0 0.0 0 857
210 857 5.54 0 0.0 0 857
212 857 5.54 0 0.0 0 857
214 857 5.54 0 0.0 0 857
216 857 5.54 0 0.0 0 857
218 857 5.54 0 0.0 0 857
220 857 5.54 0 0.0 0 857
222 857 5.54 0 0.0 0 857
224 857 5.54 0 0.0 0 857
226 857 5.54 0 0.0 0 857
228 857 5.54 0 0.0 0 857
230 857 5.54 0 0.0 0 857
232 857 5.54 0 0.0 0 857
234 857 5.54 0 0.0 0 857
236 857 5.54 0 0.0 0 857
238 857 5.54 0 0.0 0 857
240 857 5.54 0 0.0 0 857
242 857 5.54 0 0.0 0 857
244 857 5.54 0 0.0 0 857
246 857 5.54 0 0.0 0 857
248 857 5.54 0 0.0 0 857
250 857 5.54 0 0.0 0 857
252 857 5.54 0 0.0 0 857
254 857 5.54 0 0.0 0 857
256 857 5.54 0 0.0 0 857
258 857 5.54 0 0.0 0 857
260 857 5.54 0 0.0 0 857
262 857 5.54 0 0.0 0 857
264 857 5.54 0 0.0 0 857
266 857 5.54 0 0.0 0 857
268 857 5.54 0 0.0 0 857
270 857 5.54 0 0.0 0 857
272 857 5.54 0 0.0 0 857
274 857 5.54 0 0.0 0 857
276 857 5.54 0 0.0 0 857
278 857 5.54 0 0.0 0 857
280 857 5.54 0 0.0 0 857
282 857 5.54 0 0.0 0 857
284 857 5.54 0 0.0 0 857
286 857 5.54 0 0.0 0 857
288 857 5.54 0 0.0 0 857
290 857 5.54 0 0.0 0 857
292 857 5.54 0 0.0 0 857
294 857 5.54 0 0.0 0 857
296 857 5.54 0 0.0 0 857
298 857 5.54 0 0.0 0 857
300 857 5.54 0 0.0 0 857
302 857 5.54 0 0.0 0 857
304 857 5.54 0 0.0 0 857
306 857 5.54 0 0.0 0 857
308 857 5.54 0 0.0 0 857
310 857 5.54 0 0.0 0 857
312 857 5.54 0 0.0 0 857
314 857 5.54 0 0.0 0 857
316 857 5.54 0 0.0 0 857
318 857 5.54 0 0.0 0 857
320 857 5.54 0 0.0 0 857
322 857 5.54 0 0.0 0 857
324 857 5.54 0 0.0 0 857
326 857 5.54 0 0.0 0 857
328 857 5.54 0 0.0 0 857
330 857 5.54 0 0.0 0 857
332 857 5.54 0 0.0 0 857
334 857 5.54 0 0.0 0 857
336 857 5.54 0 0.0 0 857
338 857 5.54 0 0.0 0 857
340 857 5.54 0 0.0 0 857
342 857 5.54 0 0.0 0 857
344 857 5.54 0 0.0 0 857
346 857 5.54 0 0.0 0 857
348 857 5.54 0 0.0 0 857
350 857 5.54 0 0.0 0 857
352 857 5.54 0 0.0 0 857
354 857 5.54 0 0.0 0 857
356 857 5.54 0 0.0 0 857
358 857 5.54 0 0.0 0 857
360 857 5.54 0 0.0 0 857
362 857 5.54 0 0.0 0 857
364 857 5.54 0 0.0 0 857
366 857 5.54 0 0.0 0 857
368 857 5.54 0 0.0 0 857
370 857 5.54 0 0.0 0 857
372 857 5.54 0 0.0 0 857
374 857 5.54 0 0.0 0 857
376 857 5.54 0 0.0 0 857
378 857 5.54 0 0.0 0 857
380 857 5.54 0 0.0 0 857
382 857 5.54 0 0.0 0 857
384 857 5.54 0 0.0 0 857
386 857 5.54 0 0.0 0 857
388 857 5.54 0 0.0 0 857
390 857 5.54 0 0.0 0 857
392 857 5.54 0 0.0 0 857
394 857 5.54 0 0.0 0 857
396 857 5.54 0 0.0 0 857
398 857 5.54 0 0.0 0 857
400 857 5.54 0 0.0 0 857
402 857 5.54 0 0.0 0 857
404 857 5.54 0 0.0 0 857
406 857 5.54 0 0.0 0 857
408 857 5.54 0 0.0 0 857
410 857 5.54 0 0.0 0 857
412 857 5.54 0 0.0 0 857
414 857 5.54 0 0.0 0 857
416 857 5.54 0 0.0 0 857
418 857 5.54 0 0.0 0 857
420 857 5.54 0 0.0 0 857
422 857 5.54 0 0.0 0 857
424 857 5.54 0 0.0 0 857
426 857 5.54 0 0.0 0 857
428 857 5.54 0 0.0 0 857
430 857 5.54 0 0.0 0 857
432 857 5.54 0 0.0 0 857
434 857 5.54 0 0.0 0 857
436 857 5.54 0 0.0 0 857
438 857 5.54 0 0.0 0 857
440 857 5.54 0 0.0 0 857
442 857 5.54 0 0.0 0 857
444 857 5.54 0 0.0 0 857
446 857 5.54 0 0.0 0 857
448 857 5.54 0 0.0 0 857
450 857 5.54 0 0.0 0 857
452 857 5.54 0 0.0 0 857
454 857 5.54 0 0.0 0 857
456 857 5.54 0 0.0 0 857
458 857 5.54 0 0.0 0 857
460 857 5.54 0 0.0 0 857
462 857 5.54 0 0.0 0 857
464 857 5.54 0 0.0 0 857
466 857 5.54 0 0.0 0 857
468 857 5.54 0 0.0 0 857
470 857 5.54 0 0.0 0 857
472 857 5.54 0 0.0 0 857
474 857 5.54 0 0.0 0 857
476 857 5.54 0 0.0 0 857
478 857 5.54 0 0.0 0 857
480 857 5.54 0 0.0 0 857
482 857 5.54 0 0.0 0 857
484 857 5.54 0 0.0 0 857
486 857 5.54 0 0.0 0 857
488 857 5.54 0 0.0 0 857
490 857 5.54 0 0.0 0 857
492 857 5.54 0 0.0 0 857
494 857 5.54 0 0.0 0 857
496 857 5.54 0 0.0 0 857
498 857 5.54 0 0.0 0 857
500 857 5.54 0 0.0 0 857
502 857 5.54 0 0.0 0 857
504 857 5.54 0 0.0 0 857
506 857 5.54 0 0.0 0 857
508 857 5.54 0 0.0 0 857
510 857 5.54 0 0.0 0 857
512 857 5.54 0 0.0 0 857
514 857 5.54 0 0.0 0 857
516 857 5.54 0 0.0 0 857
518 857 5.54 0 0.0 0 857
520 857 5.54 0 0.0 0 857
522 857 5.54 0 0.0 0 857
524 857 5.54 0 0.0 0 857
526 857 5.54 0 0.0 0 857
528 857 5.54 0 0.0 0 857
530 857 5.54 0 0.0 0 857
532 857 5.54 0 0.0 0 857
534 857 5.54 0 0.0 0 857
536 857 5.54 0 0.0 0 857
538 857 5.54 0 0.0 0 857
540 857 5.54 0 0.0 0 857
542 857 5.54 0 0.0 0 857
544 857 5.54 0 0.0 0 857
546 857 5.54 0 0.0 0 857
548 857 5.54 0 0.0 0 857
550 857 5.54 0 0.0 0 857
552 857 5.54 0 0.0 0 857
554 857 5.54 0 0.0 0 857
556 857 5.54 0 0.0 0 857
558 857 5.54 0 0.0 0 857
560 857 5.54 0 0.0 0 857
562 857 5.54 0 0.0 0 857
564 857 5.54 0 0.0 0 857
566 857 5.54 0 0.0 0 857
568 857 5.54 0 0.0 0 857
570 857 5.54 0 0.0 0 857
572 857 5.54 0 0.0 0 857
574 857 5.54 0 0.0 0 857
576 857 5.54 0 0.0 0 857
578 857 5.54 0 0.0 0 857
580 857 5.54 0 0.0 0 857
582 857 5.54 0 0.0 0 857
584 857 5.54 0 0.0 0 857
586 857 5.54 0 0.0 0 857
588 857 5.54 0 0.0 0 857
590 857 5.54 0 0.0 0 857
592 857 5.54 0 0.0 0 857
594 857 5.54 0 0.0 0 857
596 857 5.54 0 0.0 0 857
598 857 5.54 0 0.0 0 857
600 857 5.54 0 0.0 0 857
602 857 5.54 0 0.0 0 857
604 857 5.54 0 0.0 0 857
606 857 5.54 0 0.0 0 857
608 857 5.54 0 0.0 0 857
610 857 5.54 0 0.0 0 857
612 857 5.54 0 0.0 0 857
614 857 5.54 0 0.0 0 857
616 857 5.54 0 0.0 0 857
618 857 5.54 0 0.0 0 857
620 857 5.54 0 0.0 0 857
622 857 5.54 0 0.0 0 857
624 857 5.54 0 0.0 0 857
626 857 5.54 0 0.0 0 857
628 857 5.54 0 0.0 0 857
630 857 5.54 0 0.0 0 857
632 857 5.54 0 0.0 0 857
634 857 5.54 0 0.0 0 857
636 857 5.54 0 0.0 0 857
638 857 5.54 0 0.0 0 857
640 857 5.54 0 0.0 0 857
642 857 5.54 0 0.0 0 857
644 857 5.54 0 0.0 0 857
646 857 5.54 0 0.0 0 857
648 857 5.54 0 0.0 0 857
650 857 5.54 0 0.0 0 857
652 857 5.54 0 0.0 0 857
654 857 5.54 0 0.0 0 857
656 857 5.54 0 0.0 0 857
658 857 5.54 0 0.0 0 857
660 857 5.54 0 0.0 0 857
662 857 5.54 0 0.0 0 857
664 857 5.54 0 0.0 0 857
666 857 5.54 0 0.0 0 857
668 857 5.54 0 0.0 0 857
670 857 5.54 0 0.0 0 857
672 857 5.54 0 0.0 0 857
674 857 5.54 0 0.0 0 857
676 857 5.54 0 0.0 0 857
678 857 5.54 0 0.0 0 857
680 857 5.54 0 0.0 0 857
682 857 5.54 0 0.0 0 857
684 857 5.54 0 0.0 0 857
686 857 5.54 0 0.0 0 857
688 857 5.54 0 0.0 0 857
690 857 5.54 0 0.0 0 857
692 857 5.54 0 0.0 0 857
694 857 5.54 0 0.0 0 857
696 857 5.54 0 0.0 0 857
698 857 5.54 0 0.0 0 857
700 857 5.54 0 0.0 0 857
702 857 5.54 0 0.0 0 857
704 857 5.54 0 0.0 0 857
706 857 5.54 0 0.0 0 857
708 857 5.54 0 0.0 0 857
710 857 5.54 0 0.0 0 857
712 857 5.54 0 0.0 0 857
714 857 5.54 0 0.0 0 857
716 857 5.54 0 0.0 0 857
718 857 5.54 0 0.0 0 857
720 857 5.54 0 0.0 0 857
722 857 5.54 0 0.0 0 857
724 857 5.54 0 0.0 0 857
726 857 5.54 0 0.0 0 857
728 857 5.54 0 0.0 0 857
730 857 5.54 0 0.0 0 857
732 857 5.54 0 0.0 0 857
734 857 5.54 0 0.0 0 857
736 857 5.54 0 0.0 0 857
738 857 5.54 0 0.0 0 857
740 857 5.54 0 0.0 0 857
742 857 5.54 0 0.0 0 857
744 857 5.54 0 0.0 0 857
746 857 5.54 0 0.0 0 857
748 857 5.54 0 0.0 0 857
750 857 5.54 0 0.0 0 857
752 857 5.54 0 0.0 0 857
754 857 5.54 0 0.0 0 857
756 857 5.54 0 0.0 0 857
758 857 5.54 0 0.0 0 857
760 857 5.54 0 0.0 0 857
762 857 5.54 0 0.0 0 857
764 857 5.54 0 0.0 0 857
766 857 5.54 0 0.0 0 857
768 857 5.54 0 0.0 0 857
770 857 5.54 0 0.0 0 857
772 857 5.54 0 0.0 0 857
774 857 5.54 0 0.0 0 857
776 857 5.54 0 0.0 0 857
778 857 5.54 0 0.0 0 857
780 857 5.54 0 0.0 0 857
782 857 5.54 0 0.0 0 857
784 857 5.54 0 0.0 0 857
786 857 5.54 0 0.0 0 857
788 857 5.54 0 0.0 0 857
790 857 5.54 0 0.0 0 857
792 857 5.54 0 0.0 0 857
794 857 5.54 0 0.0 0 857
796 857 5.54 0 0.0 0 857
798 857 5.54 0 0.0 0 857
800 857 5.54 0 0.0 0 857
802 857 5.54 0 0.0 0 857
804 857 5.54 0 0.0 0 857
806 857 5.54 0 0.0 0 857
808 857 5.54 0 0.0 0 857
810 857 5.54 0 0.0 0 857
812 857 5.54 0 0.0 0 857
814 857 5.54 0 0.0 0 857
816 857 5.54 0 0.0 0 857
818 857 5.54 0 0.0 0 857
820 857 5.54 0 0.0 0 857
822 857 5.54 0 0.0 0 857
824 857 5.54 0 0.0 0 857
826 857 5.54 0 0.0 0 857
828 857 5.54 0 0.0 0 857
830 857 5.54 0 0.0 0 857
832 857 5.54 0 0.0 0 857
834 857 5.54 0 0.0 0 857
836 857 5.54 0 0.0 0 857
838 857 5.54 0 0.0 0 857
840 857 5.54 0 0.0 0 857
842 857 5.54 0 0.0 0 857
844 857 5.54 0 0.0 0 857
846 857 5.54 0 0.0 0 857
848 857 5.54 0 0.0 0 857
850 857 5.54 0 0.0 0 857
852 857 5.54 0 0.0 0 857
854 857 5.54 0 0.0 0 857
856 857 5.54 0 0.0 0 857
858 857 5.54 0 0.0 0 857
860 857 5.54 0 0.0 0 857
862 857 5.54 0 0.0 0 857
864 857 5.54 0 0.0 0 857
866 857 5.54 0 0.0 0 857
868 857 5.54 0 0.0 0 857
870 857 5.54 0 0.0 0 857
872 857 5.54 0 0.0 0 857
874 857 5.54 0 0.0 0 857
876 857 5.54 0 0.0 0 857
878 857 5.54 0 0.0 0 857
880 857 5.54 0 0.0 0 857
882 857 5.54 0 0.0 0 857
884 857 5.54 0 0.0 0 857
886 857 5.54 0 0.0 0 857
888 857 5.54 0 0.0 0 857
890 857 5.54 0 0.0 0 857
892 857 5.54 0 0.0 0 857
894 857 5.54 0 0.0 0 857
896 857 5.54 0 0.0 0 857
898 857 5.54 0 0.0 0 857
900 857 5.54 0 0.0 0 857
902 857 5.54 0 0.0 0 857
904 857 5.54 0 0.0 0 857
906 857 5.54 0 0.0 0 857
908 857 5.54 0 0.0 0 857
910 857 5.54 0 0.0 0 857
912 857 5.54 0 0.0 0 857
914 857 5.54 0 0.0 0 857
916 857 5.54 0 0.0 0 857
918 857 5.54 0 0.0 0 857
920 857 5.54 0 0.0 0 857
922 857 5.54 0 0.0 0 857
924 857 5.54 0 0.0 0 857
926 857 5.54 0 0.0 0 857
928 857 5.54 0 0.0 0 857
930 857 5.54 0 0.0 0 857
932 857 5.54 0 0.0 0 857
934 857 5.54 0 0.0 0 857
936 857 5.54 0 0.0 0 857
938 857 5.54 0 0.0 0 857
940 857 5.54 0 0.0 0 857
942 857 5.54 0 0.0 0 857
944 857 5.54 0 0.0 0 857
946 857 5.54 0 0.0 0 857
948 857 5.54 0 0.0 0 857
950 857 5.54 0 0.0 0 857
952 857 5.54 0 0.0 0 857
954 857 5.54 0 0.0 0 857
956 857 5.54 0 0.0 0 857
958 857 5.54 0 0.0 0 857
960 857 5.54 0 0.0 0 857
962 857 5.54 0 0.0 0 857
964 857 5.54 0 0.0 0 857
966 857 5.54 0 0.0 0 857
968 857 5.54 0 0.0 0 857
970 857 5.54 0 0.0 0 857
972 857 5.54 0 0.0 0 857
974 857 5.54 0 0.0 0 857
976 857 5.54 0 0.0 0 857
978 857 5.54 0 0.0 0 857
980 857 5.54 0 0.0 0 857
982 857 5.54 0 0.0 0 857
984 857 5.54 0 0.0 0 857
986 857 5.54 0 0.0 0 857
988 857 5.54 0 0.0 0 857
990 857 5.54 0 0.0 0 857
992 857 5.54 0 0.0 0 857
994 857 5.54 0 0.0 0 857
996 857 5.54 0 0.0 0 857
998 857 5.54 0 0.0 0 857
1000 857 5.54 0 0.0 0 857
1002 857 5.54 0 0.0 0 857
1004 857 5.54 0 0.0 0 857
1006 857 5.54 0 0.0 0 857
1008 857 5.54 0 0.0 0 857
1010 857 5.54 0 0.0 0 857
1012 857 5.54 0 0.0 0 857
1014 857 5.54 0 0.0 0 857
1016 857 5.54 0 0.0 0 857
1018 857 5.54 0 0.0 0 857
1020 857 5.54 0 0.0 0 857
1022 857 5.54 0 0.0 0 857
1024 857 5.54 0 0.0 0 857
1026 857 5.54 0 0.0 0 857
1028 857 5.54 0 0.0 0 857
1030 857 5.54 0 0.0 0 857
1032 857 5.54 0 0.0 0 857
1034 857 5.54 0 0.0 0 857
1036 857 5.54 0 0.0 0 857
1038 857 5.54 0 0.0 0 857
1040 857 5.54 0 0.0 0 857
1042 857 5.54 0 0.0 0 857
1044 857 5.54 0 0.0 0 857
1046 857 5.54 0 0.0 0 857
1048 857 5.54 0 0.0 0 857
1050 857 5.54 0 0.0 0 857
1052 857 5.54 0 0.0 0 857
1054 857 5.54 0 0.0 0 857
1056 857 5.54 0 0.0 0 857
1058 857 5.54 0 0.0 0 857
1060 857 5.54 0 0.0 0 857
1062 857 5.54 0 0.0 0 857
1064 857 5.54 0 0.0 0 857
1066 857 5.54 0 0.0 0 857
1068 857 5.54 0 0.0 0 857
1070 857 5.54 0 0.0 0 857
1072 857 5.54 0 0.0 0 857
1074 856 5.53 0 0.0 1 857
1076 856 5.53 0 0.0 1 856
1078 856 5.53 0 0.0 1 856
1080 856 5.53 0 0.0 1 856
1082 856 5.53 0 0.0 1 856
1084 856 5.53 0 0.0 1 856
1086 856 5.53 0 0.0 1 856
1088 856 5.53 0 0.0 1 856
1090 856 5.53 0 0.0 1 856
1092 856 5.53 0 0.0 1 856
1094 856 5.53 0 0.0 1 856
1096 856 5.53 0 0.0 1 856
1098 856 5.53 0 0.0 1 856
1100 856 5.53 0 0.0 1 856
1102 856 5.53 0 0.0 1 856
1104 856 5.53 0 0.0 1 856
1106 856 5.53 0 0.0 1 856
1108 856 5.53 0 0.0 1 856
1110 856 5.53 0 0.0 1 856
1112 856 5.53 0 0.0 1 856
1114 856 5.53 0 0.0 1 856
1116 856 5.53 0 0.0 1 856
1118 856 5.53 0 0.0 1 856
1120 856 5.53 0 0.0 1 856
1122 856 5.53 0 0.0 1 856
1124 856 5.53 0 0.0 1 856
1126 856 5.53 0 0.0 1 856
1128 856 5.53 0 0.0 1 856
1130 856 5.53 0 0.0 1 856
1132 856 5.53 0 0.0 1 856
1134 856 5.53 0 0.0 1 856
1136 856 5.53 0 0.0 1 856
1138 856 5.53 0 0.0 1 856
1140 856 5.53 0 0.0 1 856
1142 856 5.53 0 0.0 1 856
1144 856 5.53 0 0.0 1 856
1146 856 5.53 0 0.0 1 856
1148 856 5.53 0 0.0 1 856
1150 856 5.53 0 0.0 1 856
1152 856 5.53 0 0.0 1 856
1154 856 5.53 0 0.0 1 856
1156 856 5.53 0 0.0 1 856
1158 856 5.53 0 0.0 1 856
1160 856 5.53 0 0.0 1 856
1162 856 5.53 0 0.0 1 856
1164 856 5.53 0 0.0 1 856
1166 856 5.53 0 0.0 1 856
1168 856 5.53 0 0.0 1 856
1170 856 5.53 0 0.0 1 856
1172 856 5.53 0 0.0 1 856
1174 856 5.53 0 0.0 1 856
1176 856 5.53 0 0.0 1 856
1178 856 5.53 0 0.0 1 856
1180 856 5.53 0 0.0 1 856
1182 856 5.53 0 0.0 1 856
1184 856 5.53 0 0.0 1 856
1186 856 5.53 0 0.0 1 856
1188 856 5.53 0 0.0 1 856
1190 856 5.53 0 0.0 1 856
1192 856 5.53 0 0.0 1 856
1194 856 5.53 0 0.0 1 856
1196 856 5.53 0 0.0 1 856
1198 856 5.53 0 0.0 1 856
1200 856 5.53 0 0.0 1 856
1202 856 5.53 0 0.0 1 856
1204 856 5.53 0 0.0 1 856
1206 856 5.53 0 0.0 1 856
1208 856 5.53 0 0.0 1 856
1210 856 5.53 0 0.0 1 856
1212 856 5.53 0 0.0 1 856
1214 856 5.53 0 0.0 1 856
1216 856 5.53 0 0.0 1 856
1218 856 5.53 0 0.0 1 856
1220 856 5.53 0 0.0 1 856
1222 856 5.53 0 0.0 1 856
1224 856 5.53 0 0.0 1 856
1226 856 5.53 0 0.0 1 856
1228 856 5.53 0 0.0 1 856
1230 856 5.53 0 0.0 1 856
1232 856 5.53 0 0.0 1 856
1234 856 5.53 0 0.0 1 856
1236 856 5.53 0 0.0 1 856
1238 856 5.53 0 0.0 1 856
1240 856 5.53 0 0.0 1 856
1242 856 5.53 0 0.0 1 856
1244 856 5.53 0 0.0 1 856
1246 856 5.53 0 0.0 1 856
1248 856 5.53 0 0.0 1 856
1250 856 5.53 0 0.0 1 856
1252 856 5.53 0 0.0 1 856
1254 856 5.53 0 0.0 1 856
1256 856 5.53 0 0.0 1 856
1258 856 5.53 0 0.0 1 856
1260 856 5.53 0 0.0 1 856
1262 856 5.53 0 0.0 1 856
1264 856 5.53 0 0.0 1 856
1266 856 5.53 0 0.0 1 856
1268 856 5.53 0 0.0 1 856
1270 856 5.53 0 0.0 1 856
1272 856 5.53 0 0.0 1 856
1274 856 5.53 0 0.0 1 856
1276 856 5.53 0 0.0 1 856
1278 856 5.53 0 0.0 1 856
1280 856 5.53 0 0.0 1 856
1282 856 5.53 0 0.0 1 856
1284 856 5.53 0 0.0 1 856
1286 856 5.53 0 0.0 1 856
1288 856 5.53 0 0.0 1 856
1290 856 5.53 0 0.0 1 856
1292 856 5.53 0 0.0 1 856
1294 856 5.53 0 0.0 1 856
1296 856 5.53 0 0.0 1 856
1298 856 5.53 0 0.0 1 856
1300 856 5.53 0 0.0 1 856
1302 856 5.53 0 0.0 1 856
1304 856 5.53 0 0.0 1 856
1306 856 5.53 0 0.0 1 856
1308 856 5.53 0 0.0 1 856
1310 856 5.53 0 0.0 1 856
1312 856 5.53 0 0.0 1 856
1314 856 5.53 0 0.0 1 856
1316 856 5.53 0 0.0 1 856
1318 856 5.53 0 0.0 1 856
1320 856 5.53 0 0.0 1 856
1322 856 5.53 0 0.0 1 856
1324 856 5.53 0 0.0 1 856
1326 856 5.53 0 0.0 1 856
1328 856 5.53 0 0.0 1 856
1330 855 5.52 0 0.0 2 856
1332 855 5.52 0 0.0 2 855
1334 855 5.52 0 0.0 2 855
1336 855 5.52 0 0.0 2 855
1338 855 5.52 0 0.0 2 855
1340 855 5.52 0 0.0 2 855
1342 855 5.52 0 0.0 2 855
1344 855 5.52 0 0.0 2 855
1346 855 5.52 0 0.0 2 855
1348 855 5.52 0 0.0 2 855
1350 855 5.52 0 0.0 2 855
1352 855 5.52 0 0.0 2 855
1354 855 5.52 0 0.0 2 855
1356 855 5.52 0 0.0 2 855
1358 855 5.52 0 0.0 2 855
1360 855 5.52 0 0.0 2 855
1362 855 5.52 0 0.0 2 855
1364 855 5.52 0 0.0 2 855
1366 855 5.52 0 0.0 2 855
1368 855 5.52 0 0.0 2 855
1370 855 5.52 0 0.0 2 855
1372 855 5.52 0 0.0 2 855
1374 855 5.52 0 0.0 2 855
1376 855 5.52 0 0.0 2 855
1378 855 5.52 0 0.0 2 855
1380 854 5.51 0 0.0 3 855
1382 854 5.51 0 0.0 3 854
1384 854 5.51 0 0.0 3 854
1386 854 5.51 0 0.0 3 854
1388 854 5.51 0 0.0 3 854
1390 854 5.51 0 0.0 3 854
1392 854 5.51 0 0.0 3 854
1394 854 5.51 0 0.0 3 854
1396 854 5.51 0 0.0 3 854
1398 854 5.51 0 0.0 3 854
1400 854 5.51 0 0.0 3 854
1402 854 5.51 0 0.0 3 854
1404 854 5.51 0 0.0 3 854
1406 854 5.51 0 0.0 3 854
1408 854 5.51 0 0.0 3 854
1410 854 5.51 0 0.0 3 854
1412 854 5.51 0 0.0 3 854
1414 854 5.51 0 0.0 3 854
1416 854 5.51 0 0.0 3 854
1418 854 5.51 0 0.0 3 854
1420 854 5.51 0 0.0 3 854
1422 854 5.51 0 0.0 3 854
1424 854 5.51 0 0.0 3 854
1426 854 5.51 0 0.0 3 854
1428 854 5.51 0 0.0 3 854
1430 854 5.51 0 0.0 3 854
1432 854 5.51 0 0.0 3 854
1434 854 5.51 0 0.0 3 854
1436 853 5.51 0 0.0 4 854
1438 853 5.51 0 0.0 4 853
1440 853 5.51 0 0.0 4 853
