Time PAO1_Count PAO1_Conc Glycerol_Count Glycerol_Conc PAO1_Died bacteria_couldn't_eat
0 43 0.21 57811 2.76 0 0
2 43 0.21 57811 2.76 0 0
4 43 0.37 55842 2.66 0 0
6 129 0.66 51915 2.48 0 0
8 129 1.18 45804 2.18 0 0
10 380 2.06 35523 1.69 0 0
12 386 3.42 20663 0.98 0 33
14 801 4.84 6688 0.32 0 52
16 856 5.39 1153 0.05 0 447
18 871 5.49 22 0.0 0 621
20 871 5.49 0 0.0 0 849
22 871 5.49 0 0.0 0 871
24 871 5.49 0 0.0 0 871
26 871 5.49 0 0.0 0 871
28 871 5.49 0 0.0 0 871
30 871 5.49 0 0.0 0 871
32 871 5.49 0 0.0 0 871
34 871 5.49 0 0.0 0 871
36 871 5.49 0 0.0 0 871
38 871 5.49 0 0.0 0 871
40 871 5.49 0 0.0 0 871
42 871 5.49 0 0.0 0 871
44 871 5.49 0 0.0 0 871
46 871 5.49 0 0.0 0 871
48 871 5.49 0 0.0 0 871
50 871 5.49 0 0.0 0 871
52 871 5.49 0 0.0 0 871
54 871 5.49 0 0.0 0 871
56 871 5.49 0 0.0 0 871
58 871 5.49 0 0.0 0 871
60 871 5.49 0 0.0 0 871
62 871 5.49 0 0.0 0 871
64 871 5.49 0 0.0 0 871
66 871 5.49 0 0.0 0 871
68 871 5.49 0 0.0 0 871
70 871 5.49 0 0.0 0 871
72 871 5.49 0 0.0 0 871
74 871 5.49 0 0.0 0 871
76 871 5.49 0 0.0 0 871
78 871 5.49 0 0.0 0 871
80 871 5.49 0 0.0 0 871
82 871 5.49 0 0.0 0 871
84 871 5.49 0 0.0 0 871
86 871 5.49 0 0.0 0 871
88 871 5.49 0 0.0 0 871
90 871 5.49 0 0.0 0 871
92 871 5.49 0 0.0 0 871
94 871 5.49 0 0.0 0 871
96 871 5.49 0 0.0 0 871
98 871 5.49 0 0.0 0 871
100 871 5.49 0 0.0 0 871
102 871 5.49 0 0.0 0 871
104 871 5.49 0 0.0 0 871
106 871 5.49 0 0.0 0 871
108 871 5.49 0 0.0 0 871
110 871 5.49 0 0.0 0 871
112 871 5.49 0 0.0 0 871
114 871 5.49 0 0.0 0 871
116 871 5.49 0 0.0 0 871
118 871 5.49 0 0.0 0 871
120 871 5.49 0 0.0 0 871
122 871 5.49 0 0.0 0 871
124 871 5.49 0 0.0 0 871
126 871 5.49 0 0.0 0 871
128 871 5.49 0 0.0 0 871
130 871 5.49 0 0.0 0 871
132 871 5.49 0 0.0 0 871
134 871 5.49 0 0.0 0 871
136 871 5.49 0 0.0 0 871
138 871 5.49 0 0.0 0 871
140 871 5.49 0 0.0 0 871
142 871 5.49 0 0.0 0 871
144 871 5.49 0 0.0 0 871
146 871 5.49 0 0.0 0 871
148 871 5.49 0 0.0 0 871
150 871 5.49 0 0.0 0 871
152 871 5.49 0 0.0 0 871
154 871 5.49 0 0.0 0 871
156 871 5.49 0 0.0 0 871
158 871 5.49 0 0.0 0 871
160 871 5.49 0 0.0 0 871
162 871 5.49 0 0.0 0 871
164 871 5.49 0 0.0 0 871
166 871 5.49 0 0.0 0 871
168 871 5.49 0 0.0 0 871
170 871 5.49 0 0.0 0 871
172 871 5.49 0 0.0 0 871
174 871 5.49 0 0.0 0 871
176 871 5.49 0 0.0 0 871
178 871 5.49 0 0.0 0 871
180 871 5.49 0 0.0 0 871
182 871 5.49 0 0.0 0 871
184 871 5.49 0 0.0 0 871
186 871 5.49 0 0.0 0 871
188 871 5.49 0 0.0 0 871
190 871 5.49 0 0.0 0 871
192 871 5.49 0 0.0 0 871
194 871 5.49 0 0.0 0 871
196 871 5.49 0 0.0 0 871
198 871 5.49 0 0.0 0 871
200 871 5.49 0 0.0 0 871
202 871 5.49 0 0.0 0 871
204 871 5.49 0 0.0 0 871
206 871 5.49 0 0.0 0 871
208 871 5.49 0 0.0 0 871
210 871 5.49 0 0.0 0 871
212 871 5.49 0 0.0 0 871
214 871 5.49 0 0.0 0 871
216 871 5.49 0 0.0 0 871
218 871 5.49 0 0.0 0 871
220 871 5.49 0 0.0 0 871
222 871 5.49 0 0.0 0 871
224 871 5.49 0 0.0 0 871
226 871 5.49 0 0.0 0 871
228 871 5.49 0 0.0 0 871
230 871 5.49 0 0.0 0 871
232 871 5.49 0 0.0 0 871
234 871 5.49 0 0.0 0 871
236 871 5.49 0 0.0 0 871
238 871 5.49 0 0.0 0 871
240 871 5.49 0 0.0 0 871
242 871 5.49 0 0.0 0 871
244 871 5.49 0 0.0 0 871
246 871 5.49 0 0.0 0 871
248 871 5.49 0 0.0 0 871
250 871 5.49 0 0.0 0 871
252 871 5.49 0 0.0 0 871
254 871 5.49 0 0.0 0 871
256 871 5.49 0 0.0 0 871
258 871 5.49 0 0.0 0 871
260 871 5.49 0 0.0 0 871
262 871 5.49 0 0.0 0 871
264 871 5.49 0 0.0 0 871
266 871 5.49 0 0.0 0 871
268 871 5.49 0 0.0 0 871
270 871 5.49 0 0.0 0 871
272 871 5.49 0 0.0 0 871
274 871 5.49 0 0.0 0 871
276 871 5.49 0 0.0 0 871
278 871 5.49 0 0.0 0 871
280 871 5.49 0 0.0 0 871
282 871 5.49 0 0.0 0 871
284 871 5.49 0 0.0 0 871
286 871 5.49 0 0.0 0 871
288 871 5.49 0 0.0 0 871
290 871 5.49 0 0.0 0 871
292 871 5.49 0 0.0 0 871
294 871 5.49 0 0.0 0 871
296 871 5.49 0 0.0 0 871
298 871 5.49 0 0.0 0 871
300 871 5.49 0 0.0 0 871
302 871 5.49 0 0.0 0 871
304 871 5.49 0 0.0 0 871
306 871 5.49 0 0.0 0 871
308 871 5.49 0 0.0 0 871
310 871 5.49 0 0.0 0 871
312 871 5.49 0 0.0 0 871
314 871 5.49 0 0.0 0 871
316 871 5.49 0 0.0 0 871
318 871 5.49 0 0.0 0 871
320 871 5.49 0 0.0 0 871
322 871 5.49 0 0.0 0 871
324 871 5.49 0 0.0 0 871
326 871 5.49 0 0.0 0 871
328 871 5.49 0 0.0 0 871
330 871 5.49 0 0.0 0 871
332 871 5.49 0 0.0 0 871
334 871 5.49 0 0.0 0 871
336 871 5.49 0 0.0 0 871
338 871 5.49 0 0.0 0 871
340 871 5.49 0 0.0 0 871
342 871 5.49 0 0.0 0 871
344 871 5.49 0 0.0 0 871
346 871 5.49 0 0.0 0 871
348 871 5.49 0 0.0 0 871
350 871 5.49 0 0.0 0 871
352 871 5.49 0 0.0 0 871
354 871 5.49 0 0.0 0 871
356 871 5.49 0 0.0 0 871
358 871 5.49 0 0.0 0 871
360 871 5.49 0 0.0 0 871
362 871 5.49 0 0.0 0 871
364 871 5.49 0 0.0 0 871
366 871 5.49 0 0.0 0 871
368 871 5.49 0 0.0 0 871
370 871 5.49 0 0.0 0 871
372 871 5.49 0 0.0 0 871
374 871 5.49 0 0.0 0 871
376 871 5.49 0 0.0 0 871
378 871 5.49 0 0.0 0 871
380 871 5.49 0 0.0 0 871
382 871 5.49 0 0.0 0 871
384 871 5.49 0 0.0 0 871
386 871 5.49 0 0.0 0 871
388 871 5.49 0 0.0 0 871
390 871 5.49 0 0.0 0 871
392 871 5.49 0 0.0 0 871
394 871 5.49 0 0.0 0 871
396 871 5.49 0 0.0 0 871
398 871 5.49 0 0.0 0 871
400 871 5.49 0 0.0 0 871
402 871 5.49 0 0.0 0 871
404 871 5.49 0 0.0 0 871
406 871 5.49 0 0.0 0 871
408 871 5.49 0 0.0 0 871
410 871 5.49 0 0.0 0 871
412 871 5.49 0 0.0 0 871
414 871 5.49 0 0.0 0 871
416 871 5.49 0 0.0 0 871
418 871 5.49 0 0.0 0 871
420 871 5.49 0 0.0 0 871
422 871 5.49 0 0.0 0 871
424 871 5.49 0 0.0 0 871
426 871 5.49 0 0.0 0 871
428 871 5.49 0 0.0 0 871
430 871 5.49 0 0.0 0 871
432 871 5.49 0 0.0 0 871
434 871 5.49 0 0.0 0 871
436 871 5.49 0 0.0 0 871
438 871 5.49 0 0.0 0 871
440 871 5.49 0 0.0 0 871
442 871 5.49 0 0.0 0 871
444 871 5.49 0 0.0 0 871
446 871 5.49 0 0.0 0 871
448 871 5.49 0 0.0 0 871
450 871 5.49 0 0.0 0 871
452 871 5.49 0 0.0 0 871
454 871 5.49 0 0.0 0 871
456 871 5.49 0 0.0 0 871
458 871 5.49 0 0.0 0 871
460 871 5.49 0 0.0 0 871
462 871 5.49 0 0.0 0 871
464 871 5.49 0 0.0 0 871
466 871 5.49 0 0.0 0 871
468 871 5.49 0 0.0 0 871
470 871 5.49 0 0.0 0 871
472 871 5.49 0 0.0 0 871
474 871 5.49 0 0.0 0 871
476 871 5.49 0 0.0 0 871
478 871 5.49 0 0.0 0 871
480 871 5.49 0 0.0 0 871
482 871 5.49 0 0.0 0 871
484 871 5.49 0 0.0 0 871
486 871 5.49 0 0.0 0 871
488 871 5.49 0 0.0 0 871
490 871 5.49 0 0.0 0 871
492 871 5.49 0 0.0 0 871
494 871 5.49 0 0.0 0 871
496 871 5.49 0 0.0 0 871
498 871 5.49 0 0.0 0 871
500 871 5.49 0 0.0 0 871
502 871 5.49 0 0.0 0 871
504 871 5.49 0 0.0 0 871
506 871 5.49 0 0.0 0 871
508 871 5.49 0 0.0 0 871
510 871 5.49 0 0.0 0 871
512 871 5.49 0 0.0 0 871
514 871 5.49 0 0.0 0 871
516 871 5.49 0 0.0 0 871
518 871 5.49 0 0.0 0 871
520 871 5.49 0 0.0 0 871
522 871 5.49 0 0.0 0 871
524 871 5.49 0 0.0 0 871
526 871 5.49 0 0.0 0 871
528 871 5.49 0 0.0 0 871
530 871 5.49 0 0.0 0 871
532 871 5.49 0 0.0 0 871
534 871 5.49 0 0.0 0 871
536 871 5.49 0 0.0 0 871
538 871 5.49 0 0.0 0 871
540 871 5.49 0 0.0 0 871
542 871 5.49 0 0.0 0 871
544 871 5.49 0 0.0 0 871
546 871 5.49 0 0.0 0 871
548 871 5.49 0 0.0 0 871
550 871 5.49 0 0.0 0 871
552 871 5.49 0 0.0 0 871
554 871 5.49 0 0.0 0 871
556 871 5.49 0 0.0 0 871
558 871 5.49 0 0.0 0 871
560 871 5.49 0 0.0 0 871
562 871 5.49 0 0.0 0 871
564 871 5.49 0 0.0 0 871
566 871 5.49 0 0.0 0 871
568 871 5.49 0 0.0 0 871
570 871 5.49 0 0.0 0 871
572 871 5.49 0 0.0 0 871
574 871 5.49 0 0.0 0 871
576 871 5.49 0 0.0 0 871
578 871 5.49 0 0.0 0 871
580 871 5.49 0 0.0 0 871
582 871 5.49 0 0.0 0 871
584 871 5.49 0 0.0 0 871
586 871 5.49 0 0.0 0 871
588 871 5.49 0 0.0 0 871
590 871 5.49 0 0.0 0 871
592 871 5.49 0 0.0 0 871
594 871 5.49 0 0.0 0 871
596 871 5.49 0 0.0 0 871
598 871 5.49 0 0.0 0 871
600 871 5.49 0 0.0 0 871
602 871 5.49 0 0.0 0 871
604 871 5.49 0 0.0 0 871
606 871 5.49 0 0.0 0 871
608 871 5.49 0 0.0 0 871
610 871 5.49 0 0.0 0 871
612 871 5.49 0 0.0 0 871
614 871 5.49 0 0.0 0 871
616 871 5.49 0 0.0 0 871
618 871 5.49 0 0.0 0 871
620 871 5.49 0 0.0 0 871
622 871 5.49 0 0.0 0 871
624 871 5.49 0 0.0 0 871
626 871 5.49 0 0.0 0 871
628 871 5.49 0 0.0 0 871
630 871 5.49 0 0.0 0 871
632 871 5.49 0 0.0 0 871
634 871 5.49 0 0.0 0 871
636 871 5.49 0 0.0 0 871
638 871 5.49 0 0.0 0 871
640 871 5.49 0 0.0 0 871
642 871 5.49 0 0.0 0 871
644 870 5.49 0 0.0 1 871
646 870 5.49 0 0.0 1 870
648 870 5.49 0 0.0 1 870
650 870 5.49 0 0.0 1 870
652 870 5.49 0 0.0 1 870
654 870 5.49 0 0.0 1 870
656 870 5.49 0 0.0 1 870
658 870 5.49 0 0.0 1 870
660 870 5.49 0 0.0 1 870
662 870 5.49 0 0.0 1 870
664 870 5.49 0 0.0 1 870
666 870 5.49 0 0.0 1 870
668 870 5.49 0 0.0 1 870
670 870 5.49 0 0.0 1 870
672 870 5.49 0 0.0 1 870
674 870 5.49 0 0.0 1 870
676 870 5.49 0 0.0 1 870
678 870 5.49 0 0.0 1 870
680 870 5.49 0 0.0 1 870
682 870 5.49 0 0.0 1 870
684 870 5.49 0 0.0 1 870
686 870 5.49 0 0.0 1 870
688 870 5.49 0 0.0 1 870
690 870 5.49 0 0.0 1 870
692 870 5.49 0 0.0 1 870
694 870 5.49 0 0.0 1 870
696 870 5.49 0 0.0 1 870
698 870 5.49 0 0.0 1 870
700 870 5.49 0 0.0 1 870
702 870 5.49 0 0.0 1 870
704 870 5.49 0 0.0 1 870
706 870 5.49 0 0.0 1 870
708 870 5.49 0 0.0 1 870
710 870 5.49 0 0.0 1 870
712 870 5.49 0 0.0 1 870
714 870 5.49 0 0.0 1 870
716 870 5.49 0 0.0 1 870
718 870 5.49 0 0.0 1 870
720 870 5.49 0 0.0 1 870
722 870 5.49 0 0.0 1 870
724 870 5.49 0 0.0 1 870
726 870 5.49 0 0.0 1 870
728 870 5.49 0 0.0 1 870
730 870 5.49 0 0.0 1 870
732 870 5.49 0 0.0 1 870
734 870 5.49 0 0.0 1 870
736 870 5.49 0 0.0 1 870
738 870 5.49 0 0.0 1 870
740 870 5.49 0 0.0 1 870
742 870 5.49 0 0.0 1 870
744 869 5.48 0 0.0 2 870
746 869 5.48 0 0.0 2 869
748 869 5.48 0 0.0 2 869
750 869 5.48 0 0.0 2 869
752 869 5.48 0 0.0 2 869
754 869 5.48 0 0.0 2 869
756 869 5.48 0 0.0 2 869
758 869 5.48 0 0.0 2 869
760 869 5.48 0 0.0 2 869
762 869 5.48 0 0.0 2 869
764 869 5.48 0 0.0 2 869
766 869 5.48 0 0.0 2 869
768 869 5.48 0 0.0 2 869
770 869 5.48 0 0.0 2 869
772 869 5.48 0 0.0 2 869
774 869 5.48 0 0.0 2 869
776 869 5.48 0 0.0 2 869
778 869 5.48 0 0.0 2 869
780 869 5.48 0 0.0 2 869
782 869 5.48 0 0.0 2 869
784 869 5.48 0 0.0 2 869
786 869 5.48 0 0.0 2 869
788 869 5.48 0 0.0 2 869
790 869 5.48 0 0.0 2 869
792 869 5.48 0 0.0 2 869
794 869 5.48 0 0.0 2 869
796 869 5.48 0 0.0 2 869
798 869 5.48 0 0.0 2 869
800 869 5.48 0 0.0 2 869
802 869 5.48 0 0.0 2 869
804 869 5.48 0 0.0 2 869
806 869 5.48 0 0.0 2 869
808 869 5.48 0 0.0 2 869
810 869 5.48 0 0.0 2 869
812 869 5.48 0 0.0 2 869
814 869 5.48 0 0.0 2 869
816 869 5.48 0 0.0 2 869
818 869 5.48 0 0.0 2 869
820 869 5.48 0 0.0 2 869
822 869 5.48 0 0.0 2 869
824 869 5.48 0 0.0 2 869
826 869 5.48 0 0.0 2 869
828 869 5.48 0 0.0 2 869
830 869 5.48 0 0.0 2 869
832 869 5.48 0 0.0 2 869
834 869 5.48 0 0.0 2 869
836 869 5.48 0 0.0 2 869
838 869 5.48 0 0.0 2 869
840 869 5.48 0 0.0 2 869
842 869 5.48 0 0.0 2 869
844 869 5.48 0 0.0 2 869
846 869 5.48 0 0.0 2 869
848 869 5.48 0 0.0 2 869
850 869 5.48 0 0.0 2 869
852 869 5.48 0 0.0 2 869
854 869 5.48 0 0.0 2 869
856 869 5.48 0 0.0 2 869
858 869 5.48 0 0.0 2 869
860 869 5.48 0 0.0 2 869
862 869 5.48 0 0.0 2 869
864 869 5.48 0 0.0 2 869
866 869 5.48 0 0.0 2 869
868 869 5.48 0 0.0 2 869
870 869 5.48 0 0.0 2 869
872 869 5.48 0 0.0 2 869
874 869 5.48 0 0.0 2 869
876 869 5.48 0 0.0 2 869
878 869 5.48 0 0.0 2 869
880 869 5.48 0 0.0 2 869
882 869 5.48 0 0.0 2 869
884 869 5.48 0 0.0 2 869
886 869 5.48 0 0.0 2 869
888 869 5.48 0 0.0 2 869
890 869 5.48 0 0.0 2 869
892 869 5.48 0 0.0 2 869
894 869 5.48 0 0.0 2 869
896 869 5.48 0 0.0 2 869
898 869 5.48 0 0.0 2 869
900 869 5.48 0 0.0 2 869
902 869 5.48 0 0.0 2 869
904 869 5.48 0 0.0 2 869
906 869 5.48 0 0.0 2 869
908 869 5.48 0 0.0 2 869
910 869 5.48 0 0.0 2 869
912 869 5.48 0 0.0 2 869
914 869 5.48 0 0.0 2 869
916 869 5.48 0 0.0 2 869
918 869 5.48 0 0.0 2 869
920 869 5.48 0 0.0 2 869
922 869 5.48 0 0.0 2 869
924 869 5.48 0 0.0 2 869
926 869 5.48 0 0.0 2 869
928 869 5.48 0 0.0 2 869
930 869 5.48 0 0.0 2 869
932 869 5.48 0 0.0 2 869
934 869 5.48 0 0.0 2 869
936 869 5.48 0 0.0 2 869
938 869 5.48 0 0.0 2 869
940 869 5.48 0 0.0 2 869
942 869 5.48 0 0.0 2 869
944 869 5.48 0 0.0 2 869
946 869 5.48 0 0.0 2 869
948 869 5.48 0 0.0 2 869
950 869 5.48 0 0.0 2 869
952 869 5.48 0 0.0 2 869
954 869 5.48 0 0.0 2 869
956 869 5.48 0 0.0 2 869
958 869 5.48 0 0.0 2 869
960 869 5.48 0 0.0 2 869
962 869 5.48 0 0.0 2 869
964 869 5.48 0 0.0 2 869
966 869 5.48 0 0.0 2 869
968 869 5.48 0 0.0 2 869
970 869 5.48 0 0.0 2 869
972 869 5.48 0 0.0 2 869
974 869 5.48 0 0.0 2 869
976 869 5.48 0 0.0 2 869
978 869 5.48 0 0.0 2 869
980 869 5.48 0 0.0 2 869
982 869 5.48 0 0.0 2 869
984 869 5.48 0 0.0 2 869
986 869 5.48 0 0.0 2 869
988 869 5.48 0 0.0 2 869
990 869 5.48 0 0.0 2 869
992 869 5.48 0 0.0 2 869
994 869 5.48 0 0.0 2 869
996 869 5.48 0 0.0 2 869
998 869 5.48 0 0.0 2 869
1000 869 5.48 0 0.0 2 869
1002 869 5.48 0 0.0 2 869
1004 869 5.48 0 0.0 2 869
1006 869 5.48 0 0.0 2 869
1008 869 5.48 0 0.0 2 869
1010 869 5.48 0 0.0 2 869
1012 869 5.48 0 0.0 2 869
1014 869 5.48 0 0.0 2 869
1016 869 5.48 0 0.0 2 869
1018 869 5.48 0 0.0 2 869
1020 869 5.48 0 0.0 2 869
1022 869 5.48 0 0.0 2 869
1024 869 5.48 0 0.0 2 869
1026 869 5.48 0 0.0 2 869
1028 869 5.48 0 0.0 2 869
1030 869 5.48 0 0.0 2 869
1032 869 5.48 0 0.0 2 869
1034 869 5.48 0 0.0 2 869
1036 869 5.48 0 0.0 2 869
1038 869 5.48 0 0.0 2 869
1040 869 5.48 0 0.0 2 869
1042 869 5.48 0 0.0 2 869
1044 869 5.48 0 0.0 2 869
1046 869 5.48 0 0.0 2 869
1048 869 5.48 0 0.0 2 869
1050 869 5.48 0 0.0 2 869
1052 869 5.48 0 0.0 2 869
1054 869 5.48 0 0.0 2 869
1056 869 5.48 0 0.0 2 869
1058 869 5.48 0 0.0 2 869
1060 869 5.48 0 0.0 2 869
1062 869 5.48 0 0.0 2 869
1064 869 5.48 0 0.0 2 869
1066 869 5.48 0 0.0 2 869
1068 869 5.48 0 0.0 2 869
1070 869 5.48 0 0.0 2 869
1072 869 5.48 0 0.0 2 869
1074 869 5.48 0 0.0 2 869
1076 869 5.48 0 0.0 2 869
1078 869 5.48 0 0.0 2 869
1080 869 5.48 0 0.0 2 869
1082 869 5.48 0 0.0 2 869
1084 869 5.48 0 0.0 2 869
1086 869 5.48 0 0.0 2 869
1088 869 5.48 0 0.0 2 869
1090 869 5.48 0 0.0 2 869
1092 869 5.48 0 0.0 2 869
1094 869 5.48 0 0.0 2 869
1096 869 5.48 0 0.0 2 869
1098 869 5.48 0 0.0 2 869
1100 869 5.48 0 0.0 2 869
1102 869 5.48 0 0.0 2 869
1104 869 5.48 0 0.0 2 869
1106 869 5.48 0 0.0 2 869
1108 869 5.48 0 0.0 2 869
1110 869 5.48 0 0.0 2 869
1112 869 5.48 0 0.0 2 869
1114 869 5.48 0 0.0 2 869
1116 869 5.48 0 0.0 2 869
1118 869 5.48 0 0.0 2 869
1120 869 5.48 0 0.0 2 869
1122 869 5.48 0 0.0 2 869
1124 869 5.48 0 0.0 2 869
1126 869 5.48 0 0.0 2 869
1128 869 5.48 0 0.0 2 869
1130 869 5.48 0 0.0 2 869
1132 869 5.48 0 0.0 2 869
1134 869 5.48 0 0.0 2 869
1136 869 5.48 0 0.0 2 869
1138 869 5.48 0 0.0 2 869
1140 869 5.48 0 0.0 2 869
1142 869 5.48 0 0.0 2 869
1144 869 5.48 0 0.0 2 869
1146 869 5.48 0 0.0 2 869
1148 869 5.48 0 0.0 2 869
1150 869 5.48 0 0.0 2 869
1152 869 5.48 0 0.0 2 869
1154 869 5.48 0 0.0 2 869
1156 869 5.48 0 0.0 2 869
1158 869 5.48 0 0.0 2 869
1160 869 5.48 0 0.0 2 869
1162 869 5.48 0 0.0 2 869
1164 869 5.48 0 0.0 2 869
1166 869 5.48 0 0.0 2 869
1168 869 5.48 0 0.0 2 869
1170 869 5.48 0 0.0 2 869
1172 869 5.48 0 0.0 2 869
1174 869 5.48 0 0.0 2 869
1176 869 5.48 0 0.0 2 869
1178 869 5.48 0 0.0 2 869
1180 869 5.48 0 0.0 2 869
1182 869 5.48 0 0.0 2 869
1184 869 5.48 0 0.0 2 869
1186 869 5.48 0 0.0 2 869
1188 869 5.48 0 0.0 2 869
1190 869 5.48 0 0.0 2 869
1192 869 5.48 0 0.0 2 869
1194 868 5.47 0 0.0 3 869
1196 868 5.47 0 0.0 3 868
1198 868 5.47 0 0.0 3 868
1200 868 5.47 0 0.0 3 868
1202 868 5.47 0 0.0 3 868
1204 868 5.47 0 0.0 3 868
1206 868 5.47 0 0.0 3 868
1208 868 5.47 0 0.0 3 868
1210 868 5.47 0 0.0 3 868
1212 868 5.47 0 0.0 3 868
1214 868 5.47 0 0.0 3 868
1216 868 5.47 0 0.0 3 868
1218 868 5.47 0 0.0 3 868
1220 868 5.47 0 0.0 3 868
1222 868 5.47 0 0.0 3 868
1224 868 5.47 0 0.0 3 868
1226 868 5.47 0 0.0 3 868
1228 868 5.47 0 0.0 3 868
1230 868 5.47 0 0.0 3 868
1232 868 5.47 0 0.0 3 868
1234 868 5.47 0 0.0 3 868
1236 868 5.47 0 0.0 3 868
1238 868 5.47 0 0.0 3 868
1240 868 5.47 0 0.0 3 868
1242 868 5.47 0 0.0 3 868
1244 868 5.47 0 0.0 3 868
1246 868 5.47 0 0.0 3 868
1248 868 5.47 0 0.0 3 868
1250 868 5.47 0 0.0 3 868
1252 868 5.47 0 0.0 3 868
1254 868 5.47 0 0.0 3 868
1256 868 5.47 0 0.0 3 868
1258 868 5.47 0 0.0 3 868
1260 868 5.47 0 0.0 3 868
1262 868 5.47 0 0.0 3 868
1264 868 5.47 0 0.0 3 868
1266 868 5.47 0 0.0 3 868
1268 868 5.47 0 0.0 3 868
1270 868 5.47 0 0.0 3 868
1272 868 5.47 0 0.0 3 868
1274 868 5.47 0 0.0 3 868
1276 868 5.47 0 0.0 3 868
1278 868 5.47 0 0.0 3 868
1280 868 5.47 0 0.0 3 868
1282 868 5.47 0 0.0 3 868
1284 868 5.47 0 0.0 3 868
1286 868 5.47 0 0.0 3 868
1288 868 5.47 0 0.0 3 868
1290 868 5.47 0 0.0 3 868
1292 868 5.47 0 0.0 3 868
1294 868 5.47 0 0.0 3 868
1296 868 5.47 0 0.0 3 868
1298 868 5.47 0 0.0 3 868
1300 868 5.47 0 0.0 3 868
1302 868 5.47 0 0.0 3 868
1304 868 5.47 0 0.0 3 868
1306 868 5.47 0 0.0 3 868
1308 868 5.47 0 0.0 3 868
1310 868 5.47 0 0.0 3 868
1312 868 5.47 0 0.0 3 868
1314 868 5.47 0 0.0 3 868
1316 868 5.47 0 0.0 3 868
1318 868 5.47 0 0.0 3 868
1320 868 5.47 0 0.0 3 868
1322 868 5.47 0 0.0 3 868
1324 868 5.47 0 0.0 3 868
1326 868 5.47 0 0.0 3 868
1328 868 5.47 0 0.0 3 868
1330 868 5.47 0 0.0 3 868
1332 868 5.47 0 0.0 3 868
1334 868 5.47 0 0.0 3 868
1336 868 5.47 0 0.0 3 868
1338 868 5.47 0 0.0 3 868
1340 868 5.47 0 0.0 3 868
1342 868 5.47 0 0.0 3 868
1344 868 5.47 0 0.0 3 868
1346 868 5.47 0 0.0 3 868
1348 868 5.47 0 0.0 3 868
1350 868 5.47 0 0.0 3 868
1352 868 5.47 0 0.0 3 868
1354 868 5.47 0 0.0 3 868
1356 868 5.47 0 0.0 3 868
1358 868 5.47 0 0.0 3 868
1360 868 5.47 0 0.0 3 868
1362 868 5.47 0 0.0 3 868
1364 868 5.47 0 0.0 3 868
1366 868 5.47 0 0.0 3 868
1368 868 5.47 0 0.0 3 868
1370 868 5.47 0 0.0 3 868
1372 867 5.47 0 0.0 4 868
1374 867 5.47 0 0.0 4 867
1376 867 5.47 0 0.0 4 867
1378 867 5.47 0 0.0 4 867
1380 867 5.47 0 0.0 4 867
1382 867 5.47 0 0.0 4 867
1384 867 5.47 0 0.0 4 867
1386 867 5.47 0 0.0 4 867
1388 867 5.47 0 0.0 4 867
1390 867 5.47 0 0.0 4 867
1392 867 5.47 0 0.0 4 867
1394 867 5.47 0 0.0 4 867
1396 867 5.47 0 0.0 4 867
1398 867 5.47 0 0.0 4 867
1400 867 5.47 0 0.0 4 867
1402 867 5.47 0 0.0 4 867
1404 867 5.47 0 0.0 4 867
1406 867 5.47 0 0.0 4 867
1408 866 5.46 0 0.0 5 867
1410 866 5.46 0 0.0 5 866
1412 866 5.46 0 0.0 5 866
1414 866 5.46 0 0.0 5 866
1416 866 5.46 0 0.0 5 866
1418 866 5.46 0 0.0 5 866
1420 865 5.46 0 0.0 6 866
1422 865 5.46 0 0.0 6 865
1424 865 5.46 0 0.0 6 865
1426 865 5.46 0 0.0 6 865
1428 865 5.46 0 0.0 6 865
1430 865 5.46 0 0.0 6 865
1432 865 5.46 0 0.0 6 865
1434 865 5.46 0 0.0 6 865
1436 865 5.46 0 0.0 6 865
1438 865 5.46 0 0.0 6 865
1440 865 5.46 0 0.0 6 865
