Time PAo1_Count PAo1_Conc Glycerol_Count Glycerol_Conc PAo1_Died bacteria_couldn't_eat
0 43 0.21 57811 2.76 0 0
2 43 0.21 57811 2.76 0 0
4 43 0.21 57795 2.76 0 0
6 43 0.21 57761 2.76 0 0
8 43 0.22 57735 2.76 0 0
10 43 0.22 57704 2.75 0 0
12 43 0.22 57668 2.75 0 0
14 43 0.23 57634 2.75 0 0
16 43 0.23 57599 2.75 0 0
18 43 0.23 57566 2.75 0 0
20 43 0.24 57523 2.75 0 0
22 43 0.24 57494 2.74 0 0
24 43 0.24 57458 2.74 0 0
26 43 0.25 57415 2.74 0 0
28 43 0.25 57374 2.74 0 0
30 43 0.25 57329 2.74 0 0
32 43 0.26 57288 2.73 0 0
34 43 0.26 57246 2.73 0 0
36 43 0.27 57203 2.73 0 0
38 43 0.27 57165 2.73 0 0
40 43 0.27 57119 2.73 0 0
42 43 0.28 57075 2.72 0 0
44 43 0.28 57031 2.72 0 0
46 43 0.29 56989 2.72 0 0
48 43 0.29 56945 2.72 0 0
50 43 0.29 56903 2.72 0 0
52 43 0.3 56858 2.71 0 0
54 43 0.3 56816 2.71 0 0
56 43 0.31 56771 2.71 0 0
58 43 0.31 56728 2.71 0 0
60 43 0.31 56685 2.71 0 0
62 43 0.32 56641 2.7 0 0
64 43 0.32 56598 2.7 0 0
66 43 0.33 56555 2.7 0 0
68 43 0.33 56511 2.7 0 0
70 43 0.33 56467 2.7 0 0
72 43 0.34 56423 2.69 0 0
74 43 0.34 56380 2.69 0 0
76 43 0.35 56337 2.69 0 0
78 43 0.35 56293 2.69 0 0
80 43 0.35 56249 2.69 0 0
82 43 0.36 56205 2.68 0 0
84 43 0.36 56161 2.68 0 0
86 43 0.37 56118 2.68 0 0
88 43 0.37 56071 2.68 0 0
90 43 0.38 56026 2.68 0 0
92 43 0.38 55982 2.67 0 0
94 43 0.38 55937 2.67 0 0
96 43 0.39 55890 2.67 0 0
98 43 0.39 55842 2.67 0 0
100 44 0.4 55794 2.66 0 0
102 44 0.4 55744 2.66 0 0
104 44 0.41 55695 2.66 0 0
106 51 0.41 55649 2.66 0 0
108 57 0.41 55593 2.65 0 0
110 72 0.42 55544 2.65 0 0
112 80 0.43 55495 2.65 0 0
114 83 0.43 55432 2.65 0 0
116 85 0.44 55376 2.64 0 0
118 86 0.44 55308 2.64 0 0
120 86 0.45 55250 2.64 0 0
122 86 0.45 55190 2.63 0 0
124 86 0.46 55121 2.63 0 0
126 86 0.47 55052 2.63 0 0
128 86 0.47 54981 2.62 0 0
130 86 0.48 54908 2.62 0 0
132 86 0.49 54826 2.62 0 0
134 86 0.5 54749 2.61 0 0
136 86 0.5 54673 2.61 0 0
138 86 0.51 54587 2.61 0 0
140 86 0.52 54506 2.6 0 0
142 86 0.53 54421 2.6 0 0
144 86 0.53 54334 2.59 0 0
146 86 0.54 54250 2.59 0 0
148 86 0.55 54164 2.59 0 0
150 86 0.56 54080 2.58 0 0
152 86 0.57 53992 2.58 0 0
154 86 0.57 53906 2.57 0 0
156 86 0.58 53822 2.57 0 0
158 86 0.59 53733 2.57 0 0
160 86 0.6 53647 2.56 0 0
162 86 0.61 53561 2.56 0 0
164 86 0.61 53474 2.55 0 0
166 86 0.62 53388 2.55 0 0
168 86 0.63 53302 2.55 0 0
170 86 0.64 53215 2.54 0 0
172 86 0.65 53129 2.54 0 0
174 86 0.66 53043 2.53 0 0
176 86 0.66 52957 2.53 0 0
178 86 0.67 52871 2.52 0 0
180 86 0.68 52785 2.52 0 0
182 86 0.69 52698 2.52 0 0
184 86 0.7 52609 2.51 0 0
186 86 0.7 52523 2.51 0 0
188 86 0.71 52436 2.5 0 0
190 86 0.72 52346 2.5 0 0
192 86 0.73 52256 2.5 0 0
194 86 0.74 52168 2.49 0 0
196 86 0.74 52078 2.49 0 0
198 86 0.75 51988 2.48 0 0
200 86 0.76 51899 2.48 0 0
202 86 0.77 51806 2.47 0 0
204 86 0.78 51712 2.47 0 0
206 86 0.79 51615 2.46 0 0
208 90 0.8 51513 2.46 0 0
210 94 0.81 51418 2.46 0 0
212 100 0.82 51319 2.45 0 0
214 114 0.82 51216 2.45 0 0
216 129 0.84 51113 2.44 0 0
218 143 0.85 50996 2.44 0 0
220 154 0.86 50890 2.43 0 0
222 166 0.87 50766 2.42 0 0
224 169 0.88 50641 2.42 0 0
226 171 0.89 50523 2.41 0 0
228 171 0.9 50395 2.41 0 0
230 172 0.92 50255 2.4 0 0
232 172 0.93 50117 2.39 0 0
234 172 0.94 49982 2.39 0 0
236 172 0.96 49831 2.38 0 0
238 172 0.97 49681 2.37 0 0
240 172 0.99 49519 2.36 0 0
242 172 1.0 49362 2.36 0 0
244 172 1.02 49198 2.35 0 0
246 172 1.03 49040 2.34 0 0
248 172 1.05 48871 2.33 0 0
250 172 1.06 48700 2.33 0 0
252 172 1.08 48535 2.32 0 0
254 172 1.09 48363 2.31 0 0
256 172 1.11 48192 2.3 0 0
258 172 1.13 48026 2.29 0 0
260 172 1.14 47851 2.28 0 0
262 172 1.16 47678 2.28 0 0
264 172 1.18 47504 2.27 0 0
266 172 1.19 47332 2.26 0 0
268 172 1.21 47159 2.25 0 0
270 172 1.22 46987 2.24 0 0
272 172 1.24 46813 2.24 0 0
274 172 1.26 46640 2.23 0 0
276 172 1.27 46468 2.22 0 0
278 172 1.29 46296 2.21 0 0
280 172 1.3 46123 2.2 0 0
282 172 1.32 45949 2.19 0 0
284 172 1.34 45777 2.19 0 0
286 172 1.35 45604 2.18 0 0
288 172 1.37 45431 2.17 0 0
290 172 1.39 45257 2.16 0 0
292 172 1.4 45081 2.15 0 0
294 172 1.42 44906 2.14 0 0
296 172 1.43 44729 2.14 0 0
298 172 1.45 44553 2.13 0 0
300 172 1.47 44379 2.12 0 0
302 172 1.48 44197 2.11 0 0
304 172 1.5 44014 2.1 0 0
306 173 1.52 43827 2.09 0 0
308 175 1.54 43641 2.08 0 0
310 179 1.55 43456 2.07 0 0
312 179 1.57 43274 2.07 0 0
314 183 1.59 43078 2.06 0 0
316 191 1.61 42875 2.05 0 0
318 209 1.63 42664 2.04 0 0
320 230 1.65 42464 2.03 0 0
322 249 1.67 42243 2.02 0 0
324 276 1.69 42020 2.01 0 0
326 300 1.71 41787 1.99 0 0
328 319 1.73 41558 1.98 0 0
330 327 1.76 41315 1.97 0 0
332 335 1.78 41064 1.96 0 0
334 336 1.8 40808 1.95 0 0
336 339 1.83 40539 1.93 0 0
338 341 1.85 40274 1.92 0 0
340 342 1.88 39990 1.91 0 0
342 344 1.91 39698 1.89 0 0
344 344 1.94 39400 1.88 0 0
346 344 1.96 39119 1.87 0 0
348 344 1.99 38798 1.85 0 0
350 344 2.02 38466 1.84 0 0
352 344 2.05 38140 1.82 0 0
354 344 2.08 37819 1.8 0 0
356 344 2.12 37482 1.79 0 0
358 344 2.15 37143 1.77 0 0
360 344 2.18 36801 1.76 0 0
362 344 2.21 36458 1.74 0 0
364 344 2.24 36115 1.72 0 0
366 344 2.28 35771 1.71 0 0
368 344 2.31 35425 1.69 0 0
370 344 2.34 35087 1.68 0 0
372 344 2.37 34740 1.66 0 0
374 344 2.41 34395 1.64 0 0
376 344 2.44 34050 1.63 0 0
378 344 2.47 33705 1.61 0 0
380 344 2.5 33360 1.59 0 0
382 344 2.54 33016 1.58 0 0
384 344 2.57 32671 1.56 0 0
386 344 2.6 32325 1.54 0 0
388 344 2.63 31978 1.53 0 0
390 344 2.66 31634 1.51 0 0
392 344 2.7 31287 1.49 0 0
394 344 2.73 30940 1.48 0 0
396 344 2.76 30590 1.46 0 0
398 344 2.79 30240 1.44 0 0
400 344 2.83 29891 1.43 0 0
402 344 2.86 29535 1.41 0 0
404 344 2.89 29186 1.39 0 0
406 344 2.93 28829 1.38 0 0
408 345 2.96 28471 1.36 0 0
410 346 2.99 28113 1.34 0 0
412 347 3.03 27746 1.32 0 0
414 353 3.06 27376 1.31 0 0
416 358 3.1 26997 1.29 0 0
418 361 3.13 26608 1.27 0 0
420 373 3.17 26226 1.25 0 0
422 388 3.2 25847 1.23 0 0
424 417 3.24 25439 1.21 0 0
426 452 3.28 25021 1.19 0 0
428 494 3.32 24582 1.17 0 0
430 536 3.36 24139 1.15 0 0
432 566 3.41 23672 1.13 0 0
434 605 3.45 23188 1.11 0 0
436 632 3.5 22714 1.08 0 0
438 655 3.55 22210 1.06 0 0
440 670 3.6 21697 1.03 0 0
442 676 3.65 21162 1.01 0 0
444 682 3.7 20618 0.98 0 0
446 684 3.75 20061 0.96 0 0
448 686 3.8 19487 0.93 0 0
450 687 3.86 18882 0.9 0 0
452 688 3.92 18272 0.87 0 0
454 688 3.98 17650 0.84 0 0
456 688 4.04 17016 0.81 0 0
458 688 4.1 16362 0.78 0 0
460 688 4.16 15703 0.75 0 0
462 688 4.22 15050 0.72 0 0
464 688 4.28 14381 0.69 0 0
466 688 4.35 13702 0.65 0 0
468 688 4.41 13028 0.62 0 0
470 688 4.47 12350 0.59 0 0
472 688 4.54 11657 0.56 0 0
474 688 4.6 10966 0.52 0 0
476 688 4.67 10282 0.49 0 0
478 688 4.73 9594 0.46 0 0
480 688 4.8 8904 0.43 0 0
482 688 4.86 8216 0.39 0 0
484 688 4.93 7524 0.36 0 0
486 688 4.99 6834 0.33 0 0
488 688 5.06 6143 0.29 0 0
490 688 5.12 5452 0.26 0 0
492 688 5.19 4757 0.23 0 0
494 688 5.25 4065 0.19 0 0
496 688 5.32 3369 0.16 0 0
498 688 5.38 2672 0.13 0 0
500 688 5.45 1977 0.09 0 1
502 688 5.51 1284 0.06 0 3
504 688 5.57 652 0.03 0 64
506 688 5.61 196 0.01 0 232
508 688 5.63 21 0.0 0 513
510 688 5.63 2 0.0 0 669
512 688 5.63 0 0.0 0 686
514 688 5.63 0 0.0 0 688
516 688 5.63 0 0.0 0 688
518 688 5.63 0 0.0 0 688
520 688 5.63 0 0.0 0 688
522 688 5.63 0 0.0 0 688
524 688 5.63 0 0.0 0 688
526 688 5.63 0 0.0 0 688
528 688 5.63 0 0.0 0 688
530 688 5.63 0 0.0 0 688
532 688 5.63 0 0.0 0 688
534 688 5.63 0 0.0 0 688
536 688 5.63 0 0.0 0 688
538 688 5.63 0 0.0 0 688
540 688 5.63 0 0.0 0 688
542 688 5.63 0 0.0 0 688
544 688 5.63 0 0.0 0 688
546 688 5.63 0 0.0 0 688
548 688 5.63 0 0.0 0 688
550 688 5.63 0 0.0 0 688
552 688 5.63 0 0.0 0 688
554 688 5.63 0 0.0 0 688
556 688 5.63 0 0.0 0 688
558 688 5.63 0 0.0 0 688
560 688 5.63 0 0.0 0 688
562 688 5.63 0 0.0 0 688
564 688 5.63 0 0.0 0 688
566 688 5.63 0 0.0 0 688
568 688 5.63 0 0.0 0 688
570 688 5.63 0 0.0 0 688
572 688 5.63 0 0.0 0 688
574 688 5.63 0 0.0 0 688
576 688 5.63 0 0.0 0 688
578 688 5.63 0 0.0 0 688
580 688 5.63 0 0.0 0 688
582 688 5.63 0 0.0 0 688
584 688 5.63 0 0.0 0 688
586 688 5.63 0 0.0 0 688
588 688 5.63 0 0.0 0 688
590 688 5.63 0 0.0 0 688
592 688 5.63 0 0.0 0 688
594 688 5.63 0 0.0 0 688
596 688 5.63 0 0.0 0 688
598 688 5.63 0 0.0 0 688
600 688 5.63 0 0.0 0 688
602 688 5.63 0 0.0 0 688
604 688 5.63 0 0.0 0 688
606 688 5.63 0 0.0 0 688
608 688 5.63 0 0.0 0 688
610 688 5.63 0 0.0 0 688
612 688 5.63 0 0.0 0 688
614 688 5.63 0 0.0 0 688
616 688 5.63 0 0.0 0 688
618 688 5.63 0 0.0 0 688
620 688 5.63 0 0.0 0 688
622 688 5.63 0 0.0 0 688
624 688 5.63 0 0.0 0 688
626 688 5.63 0 0.0 0 688
628 688 5.63 0 0.0 0 688
630 688 5.63 0 0.0 0 688
632 688 5.63 0 0.0 0 688
634 688 5.63 0 0.0 0 688
636 688 5.63 0 0.0 0 688
638 688 5.63 0 0.0 0 688
640 688 5.63 0 0.0 0 688
642 688 5.63 0 0.0 0 688
644 688 5.63 0 0.0 0 688
646 688 5.63 0 0.0 0 688
648 688 5.63 0 0.0 0 688
650 688 5.63 0 0.0 0 688
652 688 5.63 0 0.0 0 688
654 688 5.63 0 0.0 0 688
656 688 5.63 0 0.0 0 688
658 688 5.63 0 0.0 0 688
660 688 5.63 0 0.0 0 688
662 688 5.63 0 0.0 0 688
664 688 5.63 0 0.0 0 688
666 688 5.63 0 0.0 0 688
668 688 5.63 0 0.0 0 688
670 688 5.63 0 0.0 0 688
672 688 5.63 0 0.0 0 688
674 688 5.63 0 0.0 0 688
676 688 5.63 0 0.0 0 688
678 688 5.63 0 0.0 0 688
680 688 5.63 0 0.0 0 688
682 688 5.63 0 0.0 0 688
684 688 5.63 0 0.0 0 688
686 688 5.63 0 0.0 0 688
688 688 5.63 0 0.0 0 688
690 688 5.63 0 0.0 0 688
692 688 5.63 0 0.0 0 688
694 688 5.63 0 0.0 0 688
696 688 5.63 0 0.0 0 688
698 688 5.63 0 0.0 0 688
700 688 5.63 0 0.0 0 688
702 688 5.63 0 0.0 0 688
704 688 5.63 0 0.0 0 688
706 688 5.63 0 0.0 0 688
708 688 5.63 0 0.0 0 688
710 688 5.63 0 0.0 0 688
712 688 5.63 0 0.0 0 688
714 688 5.63 0 0.0 0 688
716 688 5.63 0 0.0 0 688
718 688 5.63 0 0.0 0 688
720 688 5.63 0 0.0 0 688
722 688 5.63 0 0.0 0 688
724 688 5.63 0 0.0 0 688
726 688 5.63 0 0.0 0 688
728 688 5.63 0 0.0 0 688
730 688 5.63 0 0.0 0 688
732 688 5.63 0 0.0 0 688
734 688 5.63 0 0.0 0 688
736 688 5.63 0 0.0 0 688
738 688 5.63 0 0.0 0 688
740 688 5.63 0 0.0 0 688
742 688 5.63 0 0.0 0 688
744 688 5.63 0 0.0 0 688
746 688 5.63 0 0.0 0 688
748 688 5.63 0 0.0 0 688
750 688 5.63 0 0.0 0 688
752 688 5.63 0 0.0 0 688
754 688 5.63 0 0.0 0 688
756 688 5.63 0 0.0 0 688
758 688 5.63 0 0.0 0 688
760 688 5.63 0 0.0 0 688
762 688 5.63 0 0.0 0 688
764 688 5.63 0 0.0 0 688
766 688 5.63 0 0.0 0 688
768 688 5.63 0 0.0 0 688
770 688 5.63 0 0.0 0 688
772 688 5.63 0 0.0 0 688
774 688 5.63 0 0.0 0 688
776 688 5.63 0 0.0 0 688
778 688 5.63 0 0.0 0 688
780 688 5.63 0 0.0 0 688
782 688 5.63 0 0.0 0 688
784 688 5.63 0 0.0 0 688
786 688 5.63 0 0.0 0 688
788 688 5.63 0 0.0 0 688
790 688 5.63 0 0.0 0 688
792 688 5.63 0 0.0 0 688
794 688 5.63 0 0.0 0 688
796 688 5.63 0 0.0 0 688
798 688 5.63 0 0.0 0 688
800 688 5.63 0 0.0 0 688
802 688 5.63 0 0.0 0 688
804 688 5.63 0 0.0 0 688
806 688 5.63 0 0.0 0 688
808 688 5.63 0 0.0 0 688
810 688 5.63 0 0.0 0 688
812 688 5.63 0 0.0 0 688
814 688 5.63 0 0.0 0 688
816 688 5.63 0 0.0 0 688
818 688 5.63 0 0.0 0 688
820 688 5.63 0 0.0 0 688
822 688 5.63 0 0.0 0 688
824 688 5.63 0 0.0 0 688
826 688 5.63 0 0.0 0 688
828 688 5.63 0 0.0 0 688
830 688 5.63 0 0.0 0 688
832 688 5.63 0 0.0 0 688
834 688 5.63 0 0.0 0 688
836 688 5.63 0 0.0 0 688
838 688 5.63 0 0.0 0 688
840 688 5.63 0 0.0 0 688
842 688 5.63 0 0.0 0 688
844 688 5.63 0 0.0 0 688
846 688 5.63 0 0.0 0 688
848 688 5.63 0 0.0 0 688
850 688 5.63 0 0.0 0 688
852 688 5.63 0 0.0 0 688
854 688 5.63 0 0.0 0 688
856 688 5.63 0 0.0 0 688
858 688 5.63 0 0.0 0 688
860 688 5.63 0 0.0 0 688
862 688 5.63 0 0.0 0 688
864 688 5.63 0 0.0 0 688
866 688 5.63 0 0.0 0 688
868 688 5.63 0 0.0 0 688
870 688 5.63 0 0.0 0 688
872 688 5.63 0 0.0 0 688
874 688 5.63 0 0.0 0 688
876 688 5.63 0 0.0 0 688
878 688 5.63 0 0.0 0 688
880 688 5.63 0 0.0 0 688
882 688 5.63 0 0.0 0 688
884 688 5.63 0 0.0 0 688
886 688 5.63 0 0.0 0 688
888 688 5.63 0 0.0 0 688
890 688 5.63 0 0.0 0 688
892 688 5.63 0 0.0 0 688
894 688 5.63 0 0.0 0 688
896 688 5.63 0 0.0 0 688
898 688 5.63 0 0.0 0 688
900 688 5.63 0 0.0 0 688
902 688 5.63 0 0.0 0 688
904 688 5.63 0 0.0 0 688
906 688 5.63 0 0.0 0 688
908 688 5.63 0 0.0 0 688
910 688 5.63 0 0.0 0 688
912 688 5.63 0 0.0 0 688
914 688 5.63 0 0.0 0 688
916 688 5.63 0 0.0 0 688
918 688 5.63 0 0.0 0 688
920 688 5.63 0 0.0 0 688
922 688 5.63 0 0.0 0 688
924 688 5.63 0 0.0 0 688
926 688 5.63 0 0.0 0 688
928 688 5.63 0 0.0 0 688
930 688 5.63 0 0.0 0 688
932 688 5.63 0 0.0 0 688
934 688 5.63 0 0.0 0 688
936 688 5.63 0 0.0 0 688
938 688 5.63 0 0.0 0 688
940 688 5.63 0 0.0 0 688
942 688 5.63 0 0.0 0 688
944 688 5.63 0 0.0 0 688
946 688 5.63 0 0.0 0 688
948 688 5.63 0 0.0 0 688
950 688 5.63 0 0.0 0 688
952 688 5.63 0 0.0 0 688
954 688 5.63 0 0.0 0 688
956 688 5.63 0 0.0 0 688
958 688 5.63 0 0.0 0 688
960 688 5.63 0 0.0 0 688
962 688 5.63 0 0.0 0 688
964 688 5.63 0 0.0 0 688
966 688 5.63 0 0.0 0 688
968 688 5.63 0 0.0 0 688
970 688 5.63 0 0.0 0 688
972 688 5.63 0 0.0 0 688
974 688 5.63 0 0.0 0 688
976 688 5.63 0 0.0 0 688
978 688 5.63 0 0.0 0 688
980 688 5.63 0 0.0 0 688
982 688 5.63 0 0.0 0 688
984 688 5.63 0 0.0 0 688
986 688 5.63 0 0.0 0 688
988 688 5.63 0 0.0 0 688
990 688 5.63 0 0.0 0 688
992 688 5.63 0 0.0 0 688
994 688 5.63 0 0.0 0 688
996 688 5.63 0 0.0 0 688
998 688 5.63 0 0.0 0 688
1000 688 5.63 0 0.0 0 688
1002 688 5.63 0 0.0 0 688
1004 688 5.63 0 0.0 0 688
1006 688 5.63 0 0.0 0 688
1008 688 5.63 0 0.0 0 688
1010 688 5.63 0 0.0 0 688
1012 688 5.63 0 0.0 0 688
1014 688 5.63 0 0.0 0 688
1016 688 5.63 0 0.0 0 688
1018 688 5.63 0 0.0 0 688
1020 688 5.63 0 0.0 0 688
1022 688 5.63 0 0.0 0 688
1024 688 5.63 0 0.0 0 688
1026 688 5.63 0 0.0 0 688
1028 688 5.63 0 0.0 0 688
1030 688 5.63 0 0.0 0 688
1032 688 5.63 0 0.0 0 688
1034 688 5.63 0 0.0 0 688
1036 688 5.63 0 0.0 0 688
1038 688 5.63 0 0.0 0 688
1040 688 5.63 0 0.0 0 688
1042 688 5.63 0 0.0 0 688
1044 688 5.63 0 0.0 0 688
1046 688 5.63 0 0.0 0 688
1048 688 5.63 0 0.0 0 688
1050 688 5.63 0 0.0 0 688
1052 688 5.63 0 0.0 0 688
1054 688 5.63 0 0.0 0 688
1056 688 5.63 0 0.0 0 688
1058 688 5.63 0 0.0 0 688
1060 688 5.63 0 0.0 0 688
1062 688 5.63 0 0.0 0 688
1064 688 5.63 0 0.0 0 688
1066 688 5.63 0 0.0 0 688
1068 688 5.63 0 0.0 0 688
1070 688 5.63 0 0.0 0 688
1072 688 5.63 0 0.0 0 688
1074 688 5.63 0 0.0 0 688
1076 688 5.63 0 0.0 0 688
1078 688 5.63 0 0.0 0 688
1080 688 5.63 0 0.0 0 688
1082 688 5.63 0 0.0 0 688
1084 688 5.63 0 0.0 0 688
1086 688 5.63 0 0.0 0 688
1088 688 5.63 0 0.0 0 688
1090 688 5.63 0 0.0 0 688
1092 688 5.63 0 0.0 0 688
1094 688 5.63 0 0.0 0 688
1096 688 5.63 0 0.0 0 688
1098 688 5.63 0 0.0 0 688
1100 688 5.63 0 0.0 0 688
1102 688 5.63 0 0.0 0 688
1104 688 5.63 0 0.0 0 688
1106 688 5.63 0 0.0 0 688
1108 688 5.63 0 0.0 0 688
1110 688 5.63 0 0.0 0 688
1112 688 5.63 0 0.0 0 688
1114 688 5.63 0 0.0 0 688
1116 688 5.63 0 0.0 0 688
1118 688 5.63 0 0.0 0 688
1120 688 5.63 0 0.0 0 688
1122 688 5.63 0 0.0 0 688
1124 688 5.63 0 0.0 0 688
1126 688 5.63 0 0.0 0 688
1128 688 5.63 0 0.0 0 688
1130 688 5.63 0 0.0 0 688
1132 688 5.63 0 0.0 0 688
1134 688 5.63 0 0.0 0 688
1136 688 5.63 0 0.0 0 688
1138 688 5.63 0 0.0 0 688
1140 688 5.63 0 0.0 0 688
1142 688 5.63 0 0.0 0 688
1144 688 5.63 0 0.0 0 688
1146 688 5.63 0 0.0 0 688
1148 688 5.63 0 0.0 0 688
1150 688 5.63 0 0.0 0 688
1152 688 5.63 0 0.0 0 688
1154 688 5.63 0 0.0 0 688
1156 688 5.63 0 0.0 0 688
1158 688 5.63 0 0.0 0 688
1160 688 5.63 0 0.0 0 688
1162 688 5.63 0 0.0 0 688
1164 688 5.63 0 0.0 0 688
1166 688 5.63 0 0.0 0 688
1168 688 5.63 0 0.0 0 688
1170 688 5.63 0 0.0 0 688
1172 688 5.63 0 0.0 0 688
1174 688 5.63 0 0.0 0 688
1176 688 5.63 0 0.0 0 688
1178 688 5.63 0 0.0 0 688
1180 688 5.63 0 0.0 0 688
1182 688 5.63 0 0.0 0 688
1184 688 5.63 0 0.0 0 688
1186 688 5.63 0 0.0 0 688
1188 688 5.63 0 0.0 0 688
1190 688 5.63 0 0.0 0 688
1192 688 5.63 0 0.0 0 688
1194 688 5.63 0 0.0 0 688
1196 688 5.63 0 0.0 0 688
1198 688 5.63 0 0.0 0 688
1200 688 5.63 0 0.0 0 688
1202 688 5.63 0 0.0 0 688
1204 688 5.63 0 0.0 0 688
1206 688 5.63 0 0.0 0 688
1208 688 5.63 0 0.0 0 688
1210 688 5.63 0 0.0 0 688
1212 688 5.63 0 0.0 0 688
1214 688 5.63 0 0.0 0 688
1216 688 5.63 0 0.0 0 688
1218 688 5.63 0 0.0 0 688
1220 688 5.63 0 0.0 0 688
1222 688 5.63 0 0.0 0 688
1224 688 5.63 0 0.0 0 688
1226 688 5.63 0 0.0 0 688
1228 688 5.63 0 0.0 0 688
1230 688 5.63 0 0.0 0 688
1232 688 5.63 0 0.0 0 688
1234 688 5.63 0 0.0 0 688
1236 688 5.63 0 0.0 0 688
1238 688 5.63 0 0.0 0 688
1240 688 5.63 0 0.0 0 688
1242 688 5.63 0 0.0 0 688
1244 688 5.63 0 0.0 0 688
1246 688 5.63 0 0.0 0 688
1248 688 5.63 0 0.0 0 688
1250 688 5.63 0 0.0 0 688
1252 688 5.63 0 0.0 0 688
1254 688 5.63 0 0.0 0 688
1256 688 5.63 0 0.0 0 688
1258 688 5.63 0 0.0 0 688
1260 688 5.63 0 0.0 0 688
1262 688 5.63 0 0.0 0 688
1264 688 5.63 0 0.0 0 688
1266 688 5.63 0 0.0 0 688
1268 688 5.63 0 0.0 0 688
1270 688 5.63 0 0.0 0 688
1272 688 5.63 0 0.0 0 688
1274 688 5.63 0 0.0 0 688
1276 688 5.63 0 0.0 0 688
1278 688 5.63 0 0.0 0 688
1280 688 5.63 0 0.0 0 688
1282 688 5.63 0 0.0 0 688
1284 688 5.63 0 0.0 0 688
1286 688 5.63 0 0.0 0 688
1288 688 5.63 0 0.0 0 688
1290 688 5.63 0 0.0 0 688
1292 688 5.63 0 0.0 0 688
1294 688 5.63 0 0.0 0 688
1296 688 5.63 0 0.0 0 688
1298 688 5.63 0 0.0 0 688
1300 688 5.63 0 0.0 0 688
1302 688 5.63 0 0.0 0 688
1304 688 5.63 0 0.0 0 688
1306 688 5.63 0 0.0 0 688
1308 688 5.63 0 0.0 0 688
1310 688 5.63 0 0.0 0 688
1312 688 5.63 0 0.0 0 688
1314 688 5.63 0 0.0 0 688
1316 688 5.63 0 0.0 0 688
1318 688 5.63 0 0.0 0 688
1320 688 5.63 0 0.0 0 688
1322 688 5.63 0 0.0 0 688
1324 688 5.63 0 0.0 0 688
1326 688 5.63 0 0.0 0 688
1328 688 5.63 0 0.0 0 688
1330 688 5.63 0 0.0 0 688
1332 688 5.63 0 0.0 0 688
1334 688 5.63 0 0.0 0 688
1336 688 5.63 0 0.0 0 688
1338 688 5.63 0 0.0 0 688
1340 688 5.63 0 0.0 0 688
1342 688 5.63 0 0.0 0 688
1344 688 5.63 0 0.0 0 688
1346 688 5.63 0 0.0 0 688
1348 688 5.63 0 0.0 0 688
1350 688 5.63 0 0.0 0 688
1352 688 5.63 0 0.0 0 688
1354 688 5.63 0 0.0 0 688
1356 688 5.63 0 0.0 0 688
1358 688 5.63 0 0.0 0 688
1360 688 5.63 0 0.0 0 688
1362 688 5.63 0 0.0 0 688
1364 688 5.63 0 0.0 0 688
1366 688 5.63 0 0.0 0 688
1368 688 5.63 0 0.0 0 688
1370 688 5.63 0 0.0 0 688
1372 688 5.63 0 0.0 0 688
1374 688 5.63 0 0.0 0 688
1376 688 5.63 0 0.0 0 688
1378 688 5.63 0 0.0 0 688
1380 688 5.63 0 0.0 0 688
1382 688 5.63 0 0.0 0 688
1384 688 5.63 0 0.0 0 688
1386 688 5.63 0 0.0 0 688
1388 688 5.63 0 0.0 0 688
1390 688 5.63 0 0.0 0 688
1392 688 5.63 0 0.0 0 688
1394 688 5.63 0 0.0 0 688
1396 688 5.63 0 0.0 0 688
1398 688 5.63 0 0.0 0 688
1400 688 5.63 0 0.0 0 688
1402 688 5.63 0 0.0 0 688
1404 688 5.63 0 0.0 0 688
1406 688 5.63 0 0.0 0 688
1408 688 5.63 0 0.0 0 688
1410 688 5.63 0 0.0 0 688
1412 688 5.63 0 0.0 0 688
1414 688 5.63 0 0.0 0 688
1416 688 5.63 0 0.0 0 688
1418 688 5.63 0 0.0 0 688
1420 688 5.63 0 0.0 0 688
1422 688 5.63 0 0.0 0 688
1424 688 5.63 0 0.0 0 688
1426 688 5.63 0 0.0 0 688
1428 688 5.63 0 0.0 0 688
1430 688 5.63 0 0.0 0 688
1432 688 5.63 0 0.0 0 688
1434 688 5.63 0 0.0 0 688
1436 688 5.63 0 0.0 0 688
1438 688 5.63 0 0.0 0 688
1440 688 5.63 0 0.0 0 688
