Time Custom..._Count Custom..._Conc Glycerol_Count Glycerol_Conc Custom..._Died bacteria_couldn't_eat
0 43 0.21 57811 2.76 0 0
2 43 0.21 57811 2.76 0 0
4 86 0.43 56066 2.67 0 0
6 172 0.9 52411 2.5 0 0
8 343 1.86 44860 2.14 0 0
10 665 3.77 29791 1.42 0 2
12 1029 6.17 10885 0.52 0 191
14 1160 7.38 1132 0.05 0 603
16 1166 7.5 19 0.0 0 928
18 1166 7.5 0 0.0 0 1150
20 1166 7.5 0 0.0 0 1166
22 1166 7.5 0 0.0 0 1166
24 1166 7.5 0 0.0 0 1166
26 1166 7.5 0 0.0 0 1166
28 1166 7.5 0 0.0 0 1166
30 1166 7.5 0 0.0 0 1166
32 1166 7.5 0 0.0 0 1166
34 1166 7.5 0 0.0 0 1166
36 1166 7.5 0 0.0 0 1166
38 1166 7.5 0 0.0 0 1166
40 1166 7.5 0 0.0 0 1166
42 1166 7.5 0 0.0 0 1166
44 1166 7.5 0 0.0 0 1166
46 1166 7.5 0 0.0 0 1166
48 1166 7.5 0 0.0 0 1166
50 1166 7.5 0 0.0 0 1166
52 1166 7.5 0 0.0 0 1166
54 1166 7.5 0 0.0 0 1166
56 1166 7.5 0 0.0 0 1166
58 1166 7.5 0 0.0 0 1166
60 1166 7.5 0 0.0 0 1166
62 1166 7.5 0 0.0 0 1166
64 1166 7.5 0 0.0 0 1166
66 1166 7.5 0 0.0 0 1166
68 1166 7.5 0 0.0 0 1166
70 1166 7.5 0 0.0 0 1166
72 1166 7.5 0 0.0 0 1166
74 1166 7.5 0 0.0 0 1166
76 1166 7.5 0 0.0 0 1166
78 1166 7.5 0 0.0 0 1166
80 1166 7.5 0 0.0 0 1166
82 1166 7.5 0 0.0 0 1166
84 1166 7.5 0 0.0 0 1166
86 1166 7.5 0 0.0 0 1166
88 1166 7.5 0 0.0 0 1166
90 1166 7.5 0 0.0 0 1166
92 1166 7.5 0 0.0 0 1166
94 1166 7.5 0 0.0 0 1166
96 1166 7.5 0 0.0 0 1166
98 1166 7.5 0 0.0 0 1166
100 1166 7.5 0 0.0 0 1166
102 1166 7.5 0 0.0 0 1166
104 1166 7.5 0 0.0 0 1166
106 1166 7.5 0 0.0 0 1166
108 1166 7.5 0 0.0 0 1166
110 1166 7.5 0 0.0 0 1166
112 1166 7.5 0 0.0 0 1166
114 1166 7.5 0 0.0 0 1166
116 1166 7.5 0 0.0 0 1166
118 1166 7.5 0 0.0 0 1166
120 1166 7.5 0 0.0 0 1166
122 1166 7.5 0 0.0 0 1166
124 1166 7.5 0 0.0 0 1166
126 1166 7.5 0 0.0 0 1166
128 1166 7.5 0 0.0 0 1166
130 1166 7.5 0 0.0 0 1166
132 1166 7.5 0 0.0 0 1166
134 1166 7.5 0 0.0 0 1166
136 1166 7.5 0 0.0 0 1166
138 1166 7.5 0 0.0 0 1166
140 1166 7.5 0 0.0 0 1166
142 1166 7.5 0 0.0 0 1166
144 1166 7.5 0 0.0 0 1166
146 1166 7.5 0 0.0 0 1166
148 1166 7.5 0 0.0 0 1166
150 1166 7.5 0 0.0 0 1166
152 1166 7.5 0 0.0 0 1166
154 1166 7.5 0 0.0 0 1166
156 1166 7.5 0 0.0 0 1166
158 1166 7.5 0 0.0 0 1166
160 1166 7.5 0 0.0 0 1166
162 1166 7.5 0 0.0 0 1166
164 1166 7.5 0 0.0 0 1166
166 1166 7.5 0 0.0 0 1166
168 1166 7.5 0 0.0 0 1166
170 1166 7.5 0 0.0 0 1166
172 1166 7.5 0 0.0 0 1166
174 1166 7.5 0 0.0 0 1166
176 1166 7.5 0 0.0 0 1166
178 1166 7.5 0 0.0 0 1166
180 1166 7.5 0 0.0 0 1166
182 1166 7.5 0 0.0 0 1166
184 1166 7.5 0 0.0 0 1166
186 1166 7.5 0 0.0 0 1166
188 1166 7.5 0 0.0 0 1166
190 1166 7.5 0 0.0 0 1166
192 1166 7.5 0 0.0 0 1166
194 1166 7.5 0 0.0 0 1166
196 1166 7.5 0 0.0 0 1166
198 1166 7.5 0 0.0 0 1166
200 1166 7.5 0 0.0 0 1166
202 1166 7.5 0 0.0 0 1166
204 1166 7.5 0 0.0 0 1166
206 1166 7.5 0 0.0 0 1166
208 1166 7.5 0 0.0 0 1166
210 1166 7.5 0 0.0 0 1166
212 1166 7.5 0 0.0 0 1166
214 1166 7.5 0 0.0 0 1166
216 1166 7.5 0 0.0 0 1166
218 1166 7.5 0 0.0 0 1166
220 1166 7.5 0 0.0 0 1166
222 1166 7.5 0 0.0 0 1166
224 1166 7.5 0 0.0 0 1166
226 1166 7.5 0 0.0 0 1166
228 1166 7.5 0 0.0 0 1166
230 1166 7.5 0 0.0 0 1166
232 1166 7.5 0 0.0 0 1166
234 1166 7.5 0 0.0 0 1166
236 1166 7.5 0 0.0 0 1166
238 1166 7.5 0 0.0 0 1166
240 1166 7.5 0 0.0 0 1166
242 1166 7.5 0 0.0 0 1166
244 1166 7.5 0 0.0 0 1166
246 1166 7.5 0 0.0 0 1166
248 1166 7.5 0 0.0 0 1166
250 1166 7.5 0 0.0 0 1166
252 1166 7.5 0 0.0 0 1166
254 1166 7.5 0 0.0 0 1166
256 1166 7.5 0 0.0 0 1166
258 1166 7.5 0 0.0 0 1166
260 1166 7.5 0 0.0 0 1166
262 1166 7.5 0 0.0 0 1166
264 1166 7.5 0 0.0 0 1166
266 1166 7.5 0 0.0 0 1166
268 1166 7.5 0 0.0 0 1166
270 1166 7.5 0 0.0 0 1166
272 1166 7.5 0 0.0 0 1166
274 1166 7.5 0 0.0 0 1166
276 1166 7.5 0 0.0 0 1166
278 1166 7.5 0 0.0 0 1166
280 1166 7.5 0 0.0 0 1166
282 1166 7.5 0 0.0 0 1166
284 1166 7.5 0 0.0 0 1166
286 1166 7.5 0 0.0 0 1166
288 1166 7.5 0 0.0 0 1166
290 1166 7.5 0 0.0 0 1166
292 1166 7.5 0 0.0 0 1166
294 1166 7.5 0 0.0 0 1166
296 1166 7.5 0 0.0 0 1166
298 1166 7.5 0 0.0 0 1166
300 1166 7.5 0 0.0 0 1166
302 1166 7.5 0 0.0 0 1166
304 1166 7.5 0 0.0 0 1166
306 1166 7.5 0 0.0 0 1166
308 1166 7.5 0 0.0 0 1166
310 1166 7.5 0 0.0 0 1166
312 1166 7.5 0 0.0 0 1166
314 1166 7.5 0 0.0 0 1166
316 1166 7.5 0 0.0 0 1166
318 1166 7.5 0 0.0 0 1166
320 1166 7.5 0 0.0 0 1166
322 1166 7.5 0 0.0 0 1166
324 1166 7.5 0 0.0 0 1166
326 1166 7.5 0 0.0 0 1166
328 1166 7.5 0 0.0 0 1166
330 1166 7.5 0 0.0 0 1166
332 1166 7.5 0 0.0 0 1166
334 1166 7.5 0 0.0 0 1166
336 1166 7.5 0 0.0 0 1166
338 1166 7.5 0 0.0 0 1166
340 1166 7.5 0 0.0 0 1166
342 1166 7.5 0 0.0 0 1166
344 1166 7.5 0 0.0 0 1166
346 1166 7.5 0 0.0 0 1166
348 1166 7.5 0 0.0 0 1166
350 1166 7.5 0 0.0 0 1166
352 1166 7.5 0 0.0 0 1166
354 1166 7.5 0 0.0 0 1166
356 1166 7.5 0 0.0 0 1166
358 1166 7.5 0 0.0 0 1166
360 1166 7.5 0 0.0 0 1166
362 1166 7.5 0 0.0 0 1166
364 1166 7.5 0 0.0 0 1166
366 1166 7.5 0 0.0 0 1166
368 1166 7.5 0 0.0 0 1166
370 1166 7.5 0 0.0 0 1166
372 1166 7.5 0 0.0 0 1166
374 1166 7.5 0 0.0 0 1166
376 1166 7.5 0 0.0 0 1166
378 1166 7.5 0 0.0 0 1166
380 1166 7.5 0 0.0 0 1166
382 1166 7.5 0 0.0 0 1166
384 1166 7.5 0 0.0 0 1166
386 1166 7.5 0 0.0 0 1166
388 1166 7.5 0 0.0 0 1166
390 1166 7.5 0 0.0 0 1166
392 1166 7.5 0 0.0 0 1166
394 1166 7.5 0 0.0 0 1166
396 1166 7.5 0 0.0 0 1166
398 1166 7.5 0 0.0 0 1166
400 1166 7.5 0 0.0 0 1166
402 1166 7.5 0 0.0 0 1166
404 1166 7.5 0 0.0 0 1166
406 1166 7.5 0 0.0 0 1166
408 1166 7.5 0 0.0 0 1166
410 1166 7.5 0 0.0 0 1166
412 1166 7.5 0 0.0 0 1166
414 1166 7.5 0 0.0 0 1166
416 1166 7.5 0 0.0 0 1166
418 1166 7.5 0 0.0 0 1166
420 1166 7.5 0 0.0 0 1166
422 1166 7.5 0 0.0 0 1166
424 1166 7.5 0 0.0 0 1166
426 1166 7.5 0 0.0 0 1166
428 1166 7.5 0 0.0 0 1166
430 1166 7.5 0 0.0 0 1166
432 1166 7.5 0 0.0 0 1166
434 1166 7.5 0 0.0 0 1166
436 1166 7.5 0 0.0 0 1166
438 1166 7.5 0 0.0 0 1166
440 1166 7.5 0 0.0 0 1166
442 1166 7.5 0 0.0 0 1166
444 1166 7.5 0 0.0 0 1166
446 1166 7.5 0 0.0 0 1166
448 1166 7.5 0 0.0 0 1166
450 1166 7.5 0 0.0 0 1166
452 1166 7.5 0 0.0 0 1166
454 1166 7.5 0 0.0 0 1166
456 1166 7.5 0 0.0 0 1166
458 1166 7.5 0 0.0 0 1166
460 1166 7.5 0 0.0 0 1166
462 1166 7.5 0 0.0 0 1166
464 1166 7.5 0 0.0 0 1166
466 1166 7.5 0 0.0 0 1166
468 1166 7.5 0 0.0 0 1166
470 1166 7.5 0 0.0 0 1166
472 1166 7.5 0 0.0 0 1166
474 1166 7.5 0 0.0 0 1166
476 1166 7.5 0 0.0 0 1166
478 1166 7.5 0 0.0 0 1166
480 1166 7.5 0 0.0 0 1166
482 1166 7.5 0 0.0 0 1166
484 1166 7.5 0 0.0 0 1166
486 1166 7.5 0 0.0 0 1166
488 1166 7.5 0 0.0 0 1166
490 1166 7.5 0 0.0 0 1166
492 1166 7.5 0 0.0 0 1166
494 1166 7.5 0 0.0 0 1166
496 1166 7.5 0 0.0 0 1166
498 1166 7.5 0 0.0 0 1166
500 1166 7.5 0 0.0 0 1166
502 1166 7.5 0 0.0 0 1166
504 1166 7.5 0 0.0 0 1166
506 1166 7.5 0 0.0 0 1166
508 1166 7.5 0 0.0 0 1166
510 1166 7.5 0 0.0 0 1166
512 1166 7.5 0 0.0 0 1166
514 1166 7.5 0 0.0 0 1166
516 1166 7.5 0 0.0 0 1166
518 1166 7.5 0 0.0 0 1166
520 1166 7.5 0 0.0 0 1166
522 1166 7.5 0 0.0 0 1166
524 1166 7.5 0 0.0 0 1166
526 1166 7.5 0 0.0 0 1166
528 1166 7.5 0 0.0 0 1166
530 1166 7.5 0 0.0 0 1166
532 1166 7.5 0 0.0 0 1166
534 1166 7.5 0 0.0 0 1166
536 1166 7.5 0 0.0 0 1166
538 1166 7.5 0 0.0 0 1166
540 1166 7.5 0 0.0 0 1166
542 1166 7.5 0 0.0 0 1166
544 1166 7.5 0 0.0 0 1166
546 1166 7.5 0 0.0 0 1166
548 1166 7.5 0 0.0 0 1166
550 1166 7.5 0 0.0 0 1166
552 1166 7.5 0 0.0 0 1166
554 1166 7.5 0 0.0 0 1166
556 1166 7.5 0 0.0 0 1166
558 1166 7.5 0 0.0 0 1166
560 1166 7.5 0 0.0 0 1166
562 1166 7.5 0 0.0 0 1166
564 1166 7.5 0 0.0 0 1166
566 1166 7.5 0 0.0 0 1166
568 1166 7.5 0 0.0 0 1166
570 1166 7.5 0 0.0 0 1166
572 1166 7.5 0 0.0 0 1166
574 1166 7.5 0 0.0 0 1166
576 1166 7.5 0 0.0 0 1166
578 1166 7.5 0 0.0 0 1166
580 1166 7.5 0 0.0 0 1166
582 1166 7.5 0 0.0 0 1166
584 1166 7.5 0 0.0 0 1166
586 1166 7.5 0 0.0 0 1166
588 1166 7.5 0 0.0 0 1166
590 1166 7.5 0 0.0 0 1166
592 1166 7.5 0 0.0 0 1166
594 1166 7.5 0 0.0 0 1166
596 1166 7.5 0 0.0 0 1166
598 1166 7.5 0 0.0 0 1166
600 1166 7.5 0 0.0 0 1166
602 1166 7.5 0 0.0 0 1166
604 1166 7.5 0 0.0 0 1166
606 1166 7.5 0 0.0 0 1166
608 1166 7.5 0 0.0 0 1166
610 1166 7.5 0 0.0 0 1166
612 1166 7.5 0 0.0 0 1166
614 1166 7.5 0 0.0 0 1166
616 1166 7.5 0 0.0 0 1166
618 1166 7.5 0 0.0 0 1166
620 1166 7.5 0 0.0 0 1166
622 1166 7.5 0 0.0 0 1166
624 1166 7.5 0 0.0 0 1166
626 1166 7.5 0 0.0 0 1166
628 1166 7.5 0 0.0 0 1166
630 1166 7.5 0 0.0 0 1166
632 1166 7.5 0 0.0 0 1166
634 1166 7.5 0 0.0 0 1166
636 1166 7.5 0 0.0 0 1166
638 1166 7.5 0 0.0 0 1166
640 1166 7.5 0 0.0 0 1166
642 1166 7.5 0 0.0 0 1166
644 1166 7.5 0 0.0 0 1166
646 1166 7.5 0 0.0 0 1166
648 1166 7.5 0 0.0 0 1166
650 1166 7.5 0 0.0 0 1166
652 1166 7.5 0 0.0 0 1166
654 1166 7.5 0 0.0 0 1166
656 1166 7.5 0 0.0 0 1166
658 1166 7.5 0 0.0 0 1166
660 1166 7.5 0 0.0 0 1166
662 1166 7.5 0 0.0 0 1166
664 1166 7.5 0 0.0 0 1166
666 1166 7.5 0 0.0 0 1166
668 1166 7.5 0 0.0 0 1166
670 1166 7.5 0 0.0 0 1166
672 1166 7.5 0 0.0 0 1166
674 1166 7.5 0 0.0 0 1166
676 1166 7.5 0 0.0 0 1166
678 1166 7.5 0 0.0 0 1166
680 1166 7.5 0 0.0 0 1166
682 1166 7.5 0 0.0 0 1166
684 1166 7.5 0 0.0 0 1166
686 1166 7.5 0 0.0 0 1166
688 1166 7.5 0 0.0 0 1166
690 1166 7.5 0 0.0 0 1166
692 1166 7.5 0 0.0 0 1166
694 1166 7.5 0 0.0 0 1166
696 1166 7.5 0 0.0 0 1166
698 1166 7.5 0 0.0 0 1166
700 1166 7.5 0 0.0 0 1166
702 1166 7.5 0 0.0 0 1166
704 1166 7.5 0 0.0 0 1166
706 1166 7.5 0 0.0 0 1166
708 1166 7.5 0 0.0 0 1166
710 1166 7.5 0 0.0 0 1166
712 1166 7.5 0 0.0 0 1166
714 1166 7.5 0 0.0 0 1166
716 1166 7.5 0 0.0 0 1166
718 1166 7.5 0 0.0 0 1166
720 1166 7.5 0 0.0 0 1166
722 1166 7.5 0 0.0 0 1166
724 1166 7.5 0 0.0 0 1166
726 1166 7.5 0 0.0 0 1166
728 1166 7.5 0 0.0 0 1166
730 1166 7.5 0 0.0 0 1166
732 1166 7.5 0 0.0 0 1166
734 1166 7.5 0 0.0 0 1166
736 1166 7.5 0 0.0 0 1166
738 1166 7.5 0 0.0 0 1166
740 1166 7.5 0 0.0 0 1166
742 1166 7.5 0 0.0 0 1166
744 1166 7.5 0 0.0 0 1166
746 1166 7.5 0 0.0 0 1166
748 1166 7.5 0 0.0 0 1166
750 1166 7.5 0 0.0 0 1166
752 1166 7.5 0 0.0 0 1166
754 1166 7.5 0 0.0 0 1166
756 1166 7.5 0 0.0 0 1166
758 1166 7.5 0 0.0 0 1166
760 1166 7.5 0 0.0 0 1166
762 1166 7.5 0 0.0 0 1166
764 1166 7.5 0 0.0 0 1166
766 1166 7.5 0 0.0 0 1166
768 1166 7.5 0 0.0 0 1166
770 1166 7.5 0 0.0 0 1166
772 1166 7.5 0 0.0 0 1166
774 1166 7.5 0 0.0 0 1166
776 1166 7.5 0 0.0 0 1166
778 1166 7.5 0 0.0 0 1166
780 1166 7.5 0 0.0 0 1166
782 1166 7.5 0 0.0 0 1166
784 1166 7.5 0 0.0 0 1166
786 1166 7.5 0 0.0 0 1166
788 1166 7.5 0 0.0 0 1166
790 1166 7.5 0 0.0 0 1166
792 1166 7.5 0 0.0 0 1166
794 1166 7.5 0 0.0 0 1166
796 1166 7.5 0 0.0 0 1166
798 1166 7.5 0 0.0 0 1166
800 1166 7.5 0 0.0 0 1166
802 1166 7.5 0 0.0 0 1166
804 1166 7.5 0 0.0 0 1166
806 1166 7.5 0 0.0 0 1166
808 1166 7.5 0 0.0 0 1166
810 1166 7.5 0 0.0 0 1166
812 1166 7.5 0 0.0 0 1166
814 1166 7.5 0 0.0 0 1166
816 1166 7.5 0 0.0 0 1166
818 1166 7.5 0 0.0 0 1166
820 1166 7.5 0 0.0 0 1166
822 1166 7.5 0 0.0 0 1166
824 1166 7.5 0 0.0 0 1166
826 1166 7.5 0 0.0 0 1166
828 1166 7.5 0 0.0 0 1166
830 1166 7.5 0 0.0 0 1166
832 1166 7.5 0 0.0 0 1166
834 1166 7.5 0 0.0 0 1166
836 1166 7.5 0 0.0 0 1166
838 1166 7.5 0 0.0 0 1166
840 1166 7.5 0 0.0 0 1166
842 1166 7.5 0 0.0 0 1166
844 1166 7.5 0 0.0 0 1166
846 1166 7.5 0 0.0 0 1166
848 1166 7.5 0 0.0 0 1166
850 1166 7.5 0 0.0 0 1166
852 1166 7.5 0 0.0 0 1166
854 1166 7.5 0 0.0 0 1166
856 1166 7.5 0 0.0 0 1166
858 1166 7.5 0 0.0 0 1166
860 1166 7.5 0 0.0 0 1166
862 1166 7.5 0 0.0 0 1166
864 1166 7.5 0 0.0 0 1166
866 1166 7.5 0 0.0 0 1166
868 1166 7.5 0 0.0 0 1166
870 1166 7.5 0 0.0 0 1166
872 1166 7.5 0 0.0 0 1166
874 1166 7.5 0 0.0 0 1166
876 1166 7.5 0 0.0 0 1166
878 1166 7.5 0 0.0 0 1166
880 1166 7.5 0 0.0 0 1166
882 1166 7.5 0 0.0 0 1166
884 1166 7.5 0 0.0 0 1166
886 1166 7.5 0 0.0 0 1166
888 1166 7.5 0 0.0 0 1166
890 1166 7.5 0 0.0 0 1166
892 1166 7.5 0 0.0 0 1166
894 1166 7.5 0 0.0 0 1166
896 1166 7.5 0 0.0 0 1166
898 1166 7.5 0 0.0 0 1166
900 1166 7.5 0 0.0 0 1166
902 1166 7.5 0 0.0 0 1166
904 1166 7.5 0 0.0 0 1166
906 1166 7.5 0 0.0 0 1166
908 1166 7.5 0 0.0 0 1166
910 1166 7.5 0 0.0 0 1166
912 1166 7.5 0 0.0 0 1166
914 1166 7.5 0 0.0 0 1166
916 1166 7.5 0 0.0 0 1166
918 1166 7.5 0 0.0 0 1166
920 1166 7.5 0 0.0 0 1166
922 1166 7.5 0 0.0 0 1166
924 1166 7.5 0 0.0 0 1166
926 1166 7.5 0 0.0 0 1166
928 1166 7.5 0 0.0 0 1166
930 1166 7.5 0 0.0 0 1166
932 1166 7.5 0 0.0 0 1166
934 1166 7.5 0 0.0 0 1166
936 1166 7.5 0 0.0 0 1166
938 1166 7.5 0 0.0 0 1166
940 1166 7.5 0 0.0 0 1166
942 1166 7.5 0 0.0 0 1166
944 1166 7.5 0 0.0 0 1166
946 1166 7.5 0 0.0 0 1166
948 1166 7.5 0 0.0 0 1166
950 1166 7.5 0 0.0 0 1166
952 1166 7.5 0 0.0 0 1166
954 1166 7.5 0 0.0 0 1166
956 1166 7.5 0 0.0 0 1166
958 1166 7.5 0 0.0 0 1166
960 1166 7.5 0 0.0 0 1166
962 1166 7.5 0 0.0 0 1166
964 1166 7.5 0 0.0 0 1166
966 1166 7.5 0 0.0 0 1166
968 1166 7.5 0 0.0 0 1166
970 1166 7.5 0 0.0 0 1166
972 1166 7.5 0 0.0 0 1166
974 1166 7.5 0 0.0 0 1166
976 1166 7.5 0 0.0 0 1166
978 1166 7.5 0 0.0 0 1166
980 1166 7.5 0 0.0 0 1166
982 1166 7.5 0 0.0 0 1166
984 1166 7.5 0 0.0 0 1166
986 1166 7.5 0 0.0 0 1166
988 1166 7.5 0 0.0 0 1166
990 1166 7.5 0 0.0 0 1166
992 1166 7.5 0 0.0 0 1166
994 1166 7.5 0 0.0 0 1166
996 1166 7.5 0 0.0 0 1166
998 1166 7.5 0 0.0 0 1166
1000 1166 7.5 0 0.0 0 1166
1002 1166 7.5 0 0.0 0 1166
1004 1166 7.5 0 0.0 0 1166
1006 1166 7.5 0 0.0 0 1166
1008 1166 7.5 0 0.0 0 1166
1010 1166 7.5 0 0.0 0 1166
1012 1166 7.5 0 0.0 0 1166
1014 1166 7.5 0 0.0 0 1166
1016 1166 7.5 0 0.0 0 1166
1018 1166 7.5 0 0.0 0 1166
1020 1166 7.5 0 0.0 0 1166
1022 1166 7.5 0 0.0 0 1166
1024 1166 7.5 0 0.0 0 1166
1026 1166 7.5 0 0.0 0 1166
1028 1166 7.5 0 0.0 0 1166
1030 1166 7.5 0 0.0 0 1166
1032 1166 7.5 0 0.0 0 1166
1034 1166 7.5 0 0.0 0 1166
1036 1166 7.5 0 0.0 0 1166
1038 1166 7.5 0 0.0 0 1166
1040 1166 7.5 0 0.0 0 1166
1042 1166 7.5 0 0.0 0 1166
1044 1166 7.5 0 0.0 0 1166
1046 1166 7.5 0 0.0 0 1166
1048 1166 7.5 0 0.0 0 1166
1050 1166 7.5 0 0.0 0 1166
1052 1166 7.5 0 0.0 0 1166
1054 1166 7.5 0 0.0 0 1166
1056 1166 7.5 0 0.0 0 1166
1058 1166 7.5 0 0.0 0 1166
1060 1166 7.5 0 0.0 0 1166
1062 1166 7.5 0 0.0 0 1166
1064 1166 7.5 0 0.0 0 1166
1066 1166 7.5 0 0.0 0 1166
1068 1166 7.5 0 0.0 0 1166
1070 1166 7.5 0 0.0 0 1166
1072 1166 7.5 0 0.0 0 1166
1074 1166 7.5 0 0.0 0 1166
1076 1166 7.5 0 0.0 0 1166
1078 1166 7.5 0 0.0 0 1166
1080 1166 7.5 0 0.0 0 1166
1082 1166 7.5 0 0.0 0 1166
1084 1166 7.5 0 0.0 0 1166
1086 1166 7.5 0 0.0 0 1166
1088 1166 7.5 0 0.0 0 1166
1090 1166 7.5 0 0.0 0 1166
1092 1166 7.5 0 0.0 0 1166
1094 1166 7.5 0 0.0 0 1166
1096 1166 7.5 0 0.0 0 1166
1098 1166 7.5 0 0.0 0 1166
1100 1166 7.5 0 0.0 0 1166
1102 1166 7.5 0 0.0 0 1166
1104 1166 7.5 0 0.0 0 1166
1106 1166 7.5 0 0.0 0 1166
1108 1166 7.5 0 0.0 0 1166
1110 1166 7.5 0 0.0 0 1166
1112 1166 7.5 0 0.0 0 1166
1114 1166 7.5 0 0.0 0 1166
1116 1166 7.5 0 0.0 0 1166
1118 1166 7.5 0 0.0 0 1166
1120 1166 7.5 0 0.0 0 1166
1122 1166 7.5 0 0.0 0 1166
1124 1166 7.5 0 0.0 0 1166
1126 1166 7.5 0 0.0 0 1166
1128 1166 7.5 0 0.0 0 1166
1130 1166 7.5 0 0.0 0 1166
1132 1166 7.5 0 0.0 0 1166
1134 1166 7.5 0 0.0 0 1166
1136 1166 7.5 0 0.0 0 1166
1138 1166 7.5 0 0.0 0 1166
1140 1166 7.5 0 0.0 0 1166
1142 1166 7.5 0 0.0 0 1166
1144 1166 7.5 0 0.0 0 1166
1146 1166 7.5 0 0.0 0 1166
1148 1166 7.5 0 0.0 0 1166
1150 1166 7.5 0 0.0 0 1166
1152 1166 7.5 0 0.0 0 1166
1154 1166 7.5 0 0.0 0 1166
1156 1166 7.5 0 0.0 0 1166
1158 1166 7.5 0 0.0 0 1166
1160 1166 7.5 0 0.0 0 1166
1162 1166 7.5 0 0.0 0 1166
1164 1166 7.5 0 0.0 0 1166
1166 1166 7.5 0 0.0 0 1166
1168 1166 7.5 0 0.0 0 1166
1170 1166 7.5 0 0.0 0 1166
1172 1166 7.5 0 0.0 0 1166
1174 1166 7.5 0 0.0 0 1166
1176 1166 7.5 0 0.0 0 1166
1178 1166 7.5 0 0.0 0 1166
1180 1166 7.5 0 0.0 0 1166
1182 1166 7.5 0 0.0 0 1166
1184 1166 7.5 0 0.0 0 1166
1186 1166 7.5 0 0.0 0 1166
1188 1166 7.5 0 0.0 0 1166
1190 1166 7.5 0 0.0 0 1166
1192 1166 7.5 0 0.0 0 1166
1194 1166 7.5 0 0.0 0 1166
1196 1166 7.5 0 0.0 0 1166
1198 1166 7.5 0 0.0 0 1166
1200 1166 7.5 0 0.0 0 1166
1202 1166 7.5 0 0.0 0 1166
1204 1166 7.5 0 0.0 0 1166
1206 1166 7.5 0 0.0 0 1166
1208 1166 7.5 0 0.0 0 1166
1210 1166 7.5 0 0.0 0 1166
1212 1166 7.5 0 0.0 0 1166
1214 1166 7.5 0 0.0 0 1166
1216 1166 7.5 0 0.0 0 1166
1218 1166 7.5 0 0.0 0 1166
1220 1166 7.5 0 0.0 0 1166
1222 1166 7.5 0 0.0 0 1166
1224 1166 7.5 0 0.0 0 1166
1226 1166 7.5 0 0.0 0 1166
1228 1166 7.5 0 0.0 0 1166
1230 1166 7.5 0 0.0 0 1166
1232 1166 7.5 0 0.0 0 1166
1234 1166 7.5 0 0.0 0 1166
1236 1166 7.5 0 0.0 0 1166
1238 1166 7.5 0 0.0 0 1166
1240 1166 7.5 0 0.0 0 1166
1242 1166 7.5 0 0.0 0 1166
1244 1165 7.5 0 0.0 1 1166
1246 1165 7.5 0 0.0 1 1165
1248 1165 7.5 0 0.0 1 1165
1250 1165 7.5 0 0.0 1 1165
1252 1165 7.5 0 0.0 1 1165
1254 1165 7.5 0 0.0 1 1165
1256 1165 7.5 0 0.0 1 1165
1258 1165 7.5 0 0.0 1 1165
1260 1165 7.5 0 0.0 1 1165
1262 1165 7.5 0 0.0 1 1165
1264 1165 7.5 0 0.0 1 1165
1266 1165 7.5 0 0.0 1 1165
1268 1165 7.5 0 0.0 1 1165
1270 1165 7.5 0 0.0 1 1165
1272 1165 7.5 0 0.0 1 1165
1274 1165 7.5 0 0.0 1 1165
1276 1165 7.5 0 0.0 1 1165
1278 1165 7.5 0 0.0 1 1165
1280 1165 7.5 0 0.0 1 1165
1282 1165 7.5 0 0.0 1 1165
1284 1165 7.5 0 0.0 1 1165
1286 1165 7.5 0 0.0 1 1165
1288 1165 7.5 0 0.0 1 1165
1290 1165 7.5 0 0.0 1 1165
1292 1165 7.5 0 0.0 1 1165
1294 1165 7.5 0 0.0 1 1165
1296 1165 7.5 0 0.0 1 1165
1298 1165 7.5 0 0.0 1 1165
1300 1165 7.5 0 0.0 1 1165
1302 1165 7.5 0 0.0 1 1165
1304 1165 7.5 0 0.0 1 1165
1306 1165 7.5 0 0.0 1 1165
1308 1165 7.5 0 0.0 1 1165
1310 1165 7.5 0 0.0 1 1165
1312 1165 7.5 0 0.0 1 1165
1314 1165 7.5 0 0.0 1 1165
1316 1165 7.5 0 0.0 1 1165
1318 1165 7.5 0 0.0 1 1165
1320 1165 7.5 0 0.0 1 1165
1322 1165 7.5 0 0.0 1 1165
1324 1165 7.5 0 0.0 1 1165
1326 1165 7.5 0 0.0 1 1165
1328 1165 7.5 0 0.0 1 1165
1330 1165 7.5 0 0.0 1 1165
1332 1165 7.5 0 0.0 1 1165
1334 1165 7.5 0 0.0 1 1165
1336 1165 7.5 0 0.0 1 1165
1338 1165 7.5 0 0.0 1 1165
1340 1165 7.5 0 0.0 1 1165
1342 1164 7.49 0 0.0 2 1165
1344 1164 7.49 0 0.0 2 1164
1346 1163 7.49 0 0.0 3 1164
1348 1162 7.48 0 0.0 4 1163
1350 1162 7.48 0 0.0 4 1162
1352 1162 7.48 0 0.0 4 1162
1354 1162 7.48 0 0.0 4 1162
1356 1162 7.48 0 0.0 4 1162
1358 1162 7.48 0 0.0 4 1162
1360 1162 7.48 0 0.0 4 1162
1362 1162 7.48 0 0.0 4 1162
1364 1162 7.48 0 0.0 4 1162
1366 1162 7.48 0 0.0 4 1162
1368 1162 7.48 0 0.0 4 1162
1370 1162 7.48 0 0.0 4 1162
1372 1162 7.48 0 0.0 4 1162
1374 1162 7.48 0 0.0 4 1162
1376 1162 7.48 0 0.0 4 1162
1378 1162 7.48 0 0.0 4 1162
1380 1162 7.48 0 0.0 4 1162
1382 1162 7.48 0 0.0 4 1162
1384 1162 7.48 0 0.0 4 1162
1386 1162 7.48 0 0.0 4 1162
1388 1162 7.48 0 0.0 4 1162
1390 1162 7.48 0 0.0 4 1162
1392 1162 7.48 0 0.0 4 1162
1394 1162 7.48 0 0.0 4 1162
1396 1162 7.48 0 0.0 4 1162
1398 1162 7.48 0 0.0 4 1162
1400 1161 7.47 0 0.0 5 1162
1402 1161 7.47 0 0.0 5 1161
1404 1161 7.47 0 0.0 5 1161
1406 1161 7.47 0 0.0 5 1161
1408 1161 7.47 0 0.0 5 1161
1410 1161 7.47 0 0.0 5 1161
1412 1161 7.47 0 0.0 5 1161
1414 1161 7.47 0 0.0 5 1161
1416 1161 7.47 0 0.0 5 1161
1418 1161 7.47 0 0.0 5 1161
1420 1161 7.47 0 0.0 5 1161
1422 1161 7.47 0 0.0 5 1161
1424 1161 7.47 0 0.0 5 1161
1426 1161 7.47 0 0.0 5 1161
1428 1161 7.47 0 0.0 5 1161
1430 1161 7.47 0 0.0 5 1161
1432 1161 7.47 0 0.0 5 1161
1434 1159 7.46 0 0.0 7 1161
1436 1159 7.46 0 0.0 7 1159
1438 1159 7.46 0 0.0 7 1159
1440 1159 7.46 0 0.0 7 1159
